4 0.684375 0.35509259259259257 0.034375 0.03981481481481482
3 0.7783854166666667 0.5782407407407407 0.025520833333333333 0.030555555555555555
3 0.94140625 0.8175925925925925 0.03802083333333333 0.053703703703703705
2 0.290625 0.549074074074074 0.17708333333333334 0.14444444444444443
2 0.4244791666666667 0.6606481481481481 0.18333333333333332 0.1638888888888889
2 0.6721354166666667 0.7157407407407408 0.2171875 0.1962962962962963
2 0.75390625 0.21342592592592594 0.1421875 0.049074074074074076
2 0.8361979166666667 0.23333333333333334 0.09114583333333333 0.05
2 0.9567708333333333 0.2791666666666667 0.08645833333333333 0.09351851851851851
2 0.9690104166666667 0.4615740740740741 0.06197916666666667 0.08981481481481482
2 0.32421875 0.2199074074074074 0.16614583333333333 0.062037037037037036
2 0.48802083333333335 0.20925925925925926 0.15416666666666667 0.06481481481481481