3 0.4734375 0.7212962962962963 0.010416666666666666 0.014814814814814815
3 0.6901041666666666 0.7444444444444445 0.019791666666666666 0.024074074074074074
2 0.5778645833333333 0.711574074074074 0.19114583333333332 0.05648148148148148
2 0.30625 0.6574074074074074 0.11770833333333333 0.044444444444444446
2 0.16171875 0.6694444444444444 0.1140625 0.03518518518518519
2 0.06927083333333334 0.6337962962962963 0.08541666666666667 0.023148148148148147
2 0.3984375 0.6569444444444444 0.05520833333333333 0.021296296296296296
2 0.46588541666666666 0.6648148148148149 0.0515625 0.018518518518518517
2 0.5059895833333333 0.6666666666666666 0.058854166666666666 0.022222222222222223
2 0.6182291666666667 0.6694444444444444 0.06458333333333334 0.024074074074074074
2 0.6760416666666667 0.6694444444444444 0.04375 0.020370370370370372
2 0.7932291666666667 0.6731481481481482 0.07083333333333333 0.025925925925925925
2 0.9109375 0.6731481481481482 0.052083333333333336 0.020370370370370372
2 0.9734375 0.6717592592592593 0.053125 0.025