2 0.10182291666666667 0.7282407407407407 0.033854166666666664 0.030555555555555555
2 0.2643229166666667 0.7101851851851851 0.0359375 0.03333333333333333
2 0.16614583333333333 0.6837962962962963 0.020833333333333332 0.025
2 0.18932291666666667 0.6777777777777778 0.013020833333333334 0.020370370370370372
2 0.11927083333333334 0.6819444444444445 0.021875 0.01574074074074074
2 0.37421875 0.7472222222222222 0.0671875 0.05555555555555555
2 0.353125 0.6791666666666667 0.023958333333333335 0.028703703703703703
2 0.40260416666666665 0.6731481481481482 0.0125 0.03148148148148148
2 0.4518229166666667 0.6800925925925926 0.024479166666666666 0.04722222222222222
2 0.9520833333333333 0.6662037037037037 0.065625 0.026851851851851852
2 0.86484375 0.6837962962962963 0.0359375 0.03796296296296296
2 0.75625 0.6731481481481482 0.022916666666666665 0.040740740740740744
2 0.5419270833333333 0.6638888888888889 0.06197916666666667 0.040740740740740744
2 0.5354166666666667 0.6939814814814815 0.028125 0.028703703703703703
2 0.6265625 0.7083333333333334 0.036458333333333336 0.03333333333333333
2 0.309375 0.6796296296296296 0.014583333333333334 0.02962962962962963
2 0.4393229166666667 0.7078703703703704 0.027604166666666666 0.03796296296296296
2 0.340625 0.7166666666666667 0.03229166666666667 0.03518518518518519
2 0.46458333333333335 0.7180555555555556 0.035416666666666666 0.028703703703703703
2 0.6192708333333333 0.7449074074074075 0.053125 0.021296296296296296
2 0.5908854166666667 0.6953703703703704 0.018229166666666668 0.037037037037037035
2 0.709375 0.6819444444444445 0.04375 0.028703703703703703
2 0.7341145833333333 0.7171296296296297 0.0671875 0.03981481481481482
2 0.8736979166666666 0.7351851851851852 0.0984375 0.05185185185185185
2 0.9005208333333333 0.7101851851851851 0.06875 0.044444444444444446
3 0.5588541666666667 0.8296296296296296 0.019791666666666666 0.022222222222222223