2 0.09114583333333333 0.7199074074074074 0.022916666666666665 0.025
2 0.1453125 0.711574074074074 0.027083333333333334 0.01574074074074074
2 0.21145833333333333 0.7101851851851851 0.03333333333333333 0.020370370370370372
2 0.23880208333333333 0.725925925925926 0.04010416666666667 0.03148148148148148
2 0.31276041666666665 0.7050925925925926 0.024479166666666666 0.025
2 0.35104166666666664 0.6939814814814815 0.03229166666666667 0.025
2 0.36484375 0.7074074074074074 0.030729166666666665 0.024074074074074074
2 0.4122395833333333 0.6925925925925925 0.0359375 0.022222222222222223
2 0.44479166666666664 0.7046296296296296 0.0375 0.02962962962962963
2 0.47265625 0.6916666666666667 0.0359375 0.024074074074074074
2 0.496875 0.6875 0.023958333333333335 0.021296296296296296
2 0.5989583333333334 0.6912037037037037 0.028125 0.017592592592592594
2 0.62734375 0.6833333333333333 0.034895833333333334 0.022222222222222223
2 0.6828125 0.6791666666666667 0.035416666666666666 0.023148148148148147
2 0.7302083333333333 0.6597222222222222 0.029166666666666667 0.030555555555555555
2 0.7854166666666667 0.6671296296296296 0.0375 0.026851851851851852
2 0.8401041666666667 0.6527777777777778 0.036458333333333336 0.020370370370370372
2 0.8927083333333333 0.65 0.046875 0.027777777777777776
2 0.9515625 0.6347222222222222 0.023958333333333335 0.025
1 0.6104166666666667 0.6615740740740741 0.029166666666666667 0.03981481481481482