1 0.10520833333333333 0.14537037037037037 0.08229166666666667 0.14814814814814814
3 0.06875 0.37916666666666665 0.052083333333333336 0.07685185185185185
2 0.18020833333333333 0.5486111111111112 0.1375 0.08055555555555556
2 0.3609375 0.5787037037037037 0.16041666666666668 0.1685185185185185
2 0.46875 0.449537037037037 0.2552083333333333 0.11203703703703703
2 0.65390625 0.5412037037037037 0.1421875 0.0824074074074074
2 0.7760416666666666 0.600925925925926 0.11666666666666667 0.08703703703703704
2 0.8927083333333333 0.5782407407407407 0.18333333333333332 0.1287037037037037
1 0.5130208333333334 0.18935185185185185 0.275 0.3768518518518518
13 0.42994791666666665 0.10185185185185185 0.0421875 0.10925925925925926
13 0.4630208333333333 0.08333333333333333 0.035416666666666666 0.1425925925925926
13 0.5703125 0.07685185185185185 0.027083333333333334 0.15185185185185185
8 0.80703125 0.37777777777777777 0.3067708333333333 0.37777777777777777
13 0.71875 0.3861111111111111 0.041666666666666664 0.0962962962962963
13 0.7177083333333333 0.350462962962963 0.04895833333333333 0.08981481481481482
13 0.7661458333333333 0.38981481481481484 0.05520833333333333 0.24444444444444444
13 0.8119791666666667 0.3763888888888889 0.042708333333333334 0.2361111111111111
13 0.84921875 0.38287037037037036 0.0328125 0.2601851851851852
13 0.8755208333333333 0.3712962962962963 0.025 0.2611111111111111
13 0.7799479166666666 0.26481481481481484 0.024479166666666666 0.12777777777777777
13 0.76015625 0.2611111111111111 0.03177083333333333 0.08888888888888889