1 0.5583333333333333 0.6574074074074074 0.146875 0.09259259259259259
1 0.44895833333333335 0.6537037037037037 0.06979166666666667 0.07037037037037037
2 0.0734375 0.6847222222222222 0.05416666666666667 0.028703703703703703
2 0.9880208333333333 0.6546296296296297 0.023958333333333335 0.05925925925925926
2 0.7002604166666667 0.6703703703703704 0.0328125 0.022222222222222223
3 0.934375 0.7287037037037037 0.011458333333333333 0.022222222222222223
3 0.92109375 0.7273148148148149 0.0140625 0.019444444444444445
3 0.9033854166666667 0.725 0.0109375 0.016666666666666666
3 0.8768229166666667 0.7199074074074074 0.0078125 0.013888888888888888
3 0.8872395833333333 0.7226851851851852 0.008854166666666666 0.01574074074074074
3 0.8588541666666667 0.7162037037037037 0.009375 0.019444444444444445
3 0.8497395833333333 0.7157407407407408 0.008854166666666666 0.022222222222222223
3 0.9651041666666667 0.7148148148148148 0.009375 0.020370370370370372