4 0.5364583333333334 0.8708333333333333 0.04375 0.04537037037037037
3 0.75703125 0.8268518518518518 0.015104166666666667 0.018518518518518517
3 0.9190104166666667 0.8708333333333333 0.0171875 0.028703703703703703
2 0.85390625 0.7768518518518519 0.11510416666666666 0.040740740740740744
2 0.37734375 0.7856481481481481 0.07552083333333333 0.05277777777777778
2 0.35520833333333335 0.7509259259259259 0.05416666666666667 0.03518518518518519
1 0.38984375 0.6935185185185185 0.033854166666666664 0.03518518518518519
1 0.16927083333333334 0.6731481481481482 0.026041666666666668 0.03518518518518519
1 0.05911458333333333 0.6597222222222222 0.0296875 0.04351851851851852
2 0.2604166666666667 0.6898148148148148 0.023958333333333335 0.016666666666666666
2 0.27291666666666664 0.7023148148148148 0.023958333333333335 0.017592592592592594
2 0.440625 0.7148148148148148 0.029166666666666667 0.020370370370370372
2 0.6955729166666667 0.7351851851851852 0.0546875 0.02962962962962963
2 0.78984375 0.7425925925925926 0.0578125 0.027777777777777776
9 0.83125 0.5986111111111111 0.028125 0.30833333333333335
9 0.7869791666666667 0.6291666666666667 0.020833333333333332 0.225
9 0.7455729166666667 0.6504629629629629 0.018229166666666668 0.1787037037037037
9 0.7283854166666667 0.6731481481481482 0.008854166666666666 0.12777777777777777