2 0.36614583333333334 0.7527777777777778 0.06041666666666667 0.21666666666666667
2 0.7721354166666666 0.7689814814814815 0.0453125 0.15648148148148147
5 0.0859375 0.812962962962963 0.07083333333333333 0.020370370370370372
5 0.20182291666666666 0.8166666666666667 0.03697916666666667 0.016666666666666666
5 0.6075520833333333 0.8166666666666667 0.024479166666666666 0.020370370370370372
5 0.6755208333333333 0.8055555555555556 0.08333333333333333 0.03148148148148148
5 0.7950520833333333 0.8027777777777778 0.13697916666666668 0.037037037037037035
5 0.9083333333333333 0.8087962962962963 0.04375 0.025
2 0.63046875 0.8037037037037037 0.013020833333333334 0.06481481481481481
5 0.5736979166666667 0.8115740740740741 0.03177083333333333 0.01574074074074074
5 0.30416666666666664 0.8171296296296297 0.08229166666666667 0.013888888888888888