3 0.24505208333333334 0.8083333333333333 0.016145833333333335 0.022222222222222223
3 0.19348958333333333 0.799537037037037 0.0140625 0.019444444444444445
3 0.37838541666666664 0.812962962962963 0.011979166666666667 0.020370370370370372
3 0.4640625 0.8185185185185185 0.011458333333333333 0.018518518518518517
3 0.3028645833333333 0.8166666666666667 0.0109375 0.018518518518518517
3 0.2903645833333333 0.8041666666666667 0.0109375 0.017592592592592594
3 0.22265625 0.7972222222222223 0.011979166666666667 0.020370370370370372
3 0.11015625 0.7902777777777777 0.011979166666666667 0.017592592592592594
3 0.146875 0.7967592592592593 0.011458333333333333 0.017592592592592594
3 0.010416666666666666 0.8208333333333333 0.01875 0.021296296296296296
3 0.024479166666666666 0.7736111111111111 0.014583333333333334 0.019444444444444445
3 0.0671875 0.7837962962962963 0.011458333333333333 0.021296296296296296
3 0.051041666666666666 0.7759259259259259 0.011458333333333333 0.022222222222222223
3 0.49505208333333334 0.8111111111111111 0.011979166666666667 0.014814814814814815
3 0.5338541666666666 0.8138888888888889 0.009375 0.018518518518518517