2 0.21536458333333333 0.6611111111111111 0.03177083333333333 0.020370370370370372
4 0.28541666666666665 0.6638888888888889 0.020833333333333332 0.016666666666666666
4 0.43046875 0.6759259259259259 0.0265625 0.018518518518518517
4 0.571875 0.6796296296296296 0.021875 0.014814814814814815
2 0.6356770833333333 0.6782407407407407 0.04010416666666667 0.021296296296296296
7 0.5505208333333333 0.6648148148148149 0.015625 0.020370370370370372
3 0.7622395833333333 0.7416666666666667 0.0109375 0.022222222222222223
3 0.8067708333333333 0.7421296296296296 0.010416666666666666 0.019444444444444445
3 0.84375 0.7412037037037037 0.010416666666666666 0.017592592592592594
3 0.9791666666666666 0.7407407407407407 0.013541666666666667 0.022222222222222223
3 0.7083333333333334 0.7430555555555556 0.011458333333333333 0.019444444444444445
3 0.71953125 0.7430555555555556 0.009895833333333333 0.025
3 0.7283854166666667 0.7407407407407407 0.0140625 0.022222222222222223
3 0.88203125 0.7388888888888889 0.011979166666666667 0.018518518518518517
3 0.9484375 0.7444444444444445 0.0125 0.022222222222222223
3 0.04479166666666667 0.7037037037037037 0.013541666666666667 0.018518518518518517