2 0.27421875 0.6458333333333334 0.05572916666666667 0.23425925925925925
2 0.7598958333333333 0.6648148148148149 0.0375 0.17407407407407408
2 0.7916666666666666 0.6708333333333333 0.03229166666666667 0.14907407407407408
5 0.21484375 0.7162037037037037 0.05677083333333333 0.023148148148148147
5 0.3359375 0.7194444444444444 0.041666666666666664 0.022222222222222223
5 0.9138020833333333 0.7074074074074074 0.1234375 0.020370370370370372
5 0.80859375 0.7050925925925926 0.0703125 0.019444444444444445
2 0.7190104166666667 0.7041666666666667 0.018229166666666668 0.049074074074074076
5 0.40546875 0.7175925925925926 0.018229166666666668 0.011111111111111112
5 0.47369791666666666 0.7203703703703703 0.08697916666666666 0.018518518518518517
5 0.7020833333333333 0.7162037037037037 0.036458333333333336 0.019444444444444445