2 0.5231770833333333 0.7310185185185185 0.27760416666666665 0.08796296296296297
3 0.36432291666666666 0.7569444444444444 0.022395833333333334 0.030555555555555555
3 0.34296875 0.7652777777777777 0.019270833333333334 0.026851851851851852
3 0.38046875 0.7560185185185185 0.019270833333333334 0.028703703703703703
2 0.36875 0.6569444444444444 0.057291666666666664 0.04537037037037037
2 0.5692708333333333 0.6657407407407407 0.14375 0.05740740740740741
2 0.28203125 0.6518518518518519 0.0421875 0.03148148148148148
2 0.2421875 0.6476851851851851 0.04375 0.030555555555555555
2 0.9197916666666667 0.5912037037037037 0.03958333333333333 0.017592592592592594
2 0.8783854166666667 0.5990740740740741 0.0359375 0.014814814814814815
2 0.7791666666666667 0.5944444444444444 0.04583333333333333 0.020370370370370372
2 0.7096354166666666 0.6134259259259259 0.04010416666666667 0.023148148148148147
2 0.66640625 0.6083333333333333 0.030729166666666665 0.014814814814814815
2 0.60703125 0.6106481481481482 0.043229166666666666 0.025
2 0.19791666666666666 0.6143518518518518 0.03333333333333333 0.025
2 0.35052083333333334 0.6222222222222222 0.040625 0.020370370370370372
9 0.06067708333333333 0.5773148148148148 0.015104166666666667 0.11944444444444445
9 0.0890625 0.5833333333333334 0.010416666666666666 0.10740740740740741
9 0.09348958333333333 0.5763888888888888 0.0078125 0.1287037037037037
9 0.10833333333333334 0.5791666666666667 0.011458333333333333 0.11574074074074074