2 0.6677083333333333 0.7935185185185185 0.10416666666666667 0.05555555555555555
2 0.85078125 0.7564814814814815 0.11510416666666666 0.04814814814814815
2 0.9143229166666667 0.7421296296296296 0.0359375 0.028703703703703703
2 0.9583333333333334 0.7287037037037037 0.04375 0.022222222222222223
13 0.6466145833333333 0.7606481481481482 0.022395833333333334 0.06759259259259259
13 0.68984375 0.7351851851851852 0.022395833333333334 0.06666666666666667
13 0.8151041666666666 0.7305555555555555 0.017708333333333333 0.053703703703703705
9 0.15052083333333333 0.6754629629629629 0.042708333333333334 0.23981481481481481
9 0.221875 0.6523148148148148 0.04375 0.28055555555555556
9 0.45390625 0.6847222222222222 0.028645833333333332 0.175
9 0.5067708333333333 0.6810185185185185 0.029166666666666667 0.175
9 0.5526041666666667 0.6657407407407407 0.027083333333333334 0.18333333333333332
9 0.5776041666666667 0.6898148148148148 0.029166666666666667 0.1388888888888889