2 0.08229166666666667 0.7796296296296297 0.059375 0.040740740740740744
2 0.20546875 0.7699074074074074 0.0828125 0.028703703703703703
2 0.24036458333333333 0.7402777777777778 0.0390625 0.028703703703703703
2 0.26979166666666665 0.7467592592592592 0.053125 0.04722222222222222
2 0.30416666666666664 0.7111111111111111 0.04583333333333333 0.053703703703703705
2 0.3653645833333333 0.7236111111111111 0.050520833333333334 0.019444444444444445
2 0.3997395833333333 0.7425925925925926 0.0546875 0.040740740740740744
2 0.5598958333333334 0.7087962962962963 0.058333333333333334 0.04537037037037037
2 0.49114583333333334 0.6976851851851852 0.04479166666666667 0.019444444444444445
2 0.5260416666666666 0.6925925925925925 0.05 0.037037037037037035
2 0.6361979166666667 0.6759259259259259 0.04739583333333333 0.044444444444444446
2 0.6466145833333333 0.6407407407407407 0.013020833333333334 0.018518518518518517
2 0.6966145833333334 0.6407407407407407 0.0328125 0.03888888888888889
2 0.7541666666666667 0.6472222222222223 0.06145833333333333 0.044444444444444446
2 0.8854166666666666 0.6370370370370371 0.035416666666666666 0.05740740740740741
2 0.9763020833333333 0.6513888888888889 0.0453125 0.09166666666666666
2 0.9729166666666667 0.5796296296296296 0.03229166666666667 0.03333333333333333
2 0.8924479166666667 0.5745370370370371 0.03697916666666667 0.03981481481481482