8 0.17942708333333332 0.65 0.3578125 0.05
3 0.029427083333333333 0.7300925925925926 0.013020833333333334 0.019444444444444445
3 0.08958333333333333 0.7277777777777777 0.013541666666666667 0.020370370370370372
3 0.15 0.7240740740740741 0.0125 0.016666666666666666
3 0.21041666666666667 0.7226851851851852 0.0125 0.021296296296296296
3 0.27369791666666665 0.7240740740740741 0.0171875 0.016666666666666666
3 0.33489583333333334 0.7175925925925926 0.0125 0.014814814814814815
3 0.3966145833333333 0.7180555555555556 0.011979166666666667 0.01574074074074074
3 0.4609375 0.7129629629629629 0.0125 0.012962962962962963
3 0.525 0.7097222222222223 0.013541666666666667 0.012037037037037037
3 0.584375 0.7041666666666667 0.011458333333333333 0.013888888888888888
3 0.646875 0.6995370370370371 0.013541666666666667 0.021296296296296296
3 0.70546875 0.6972222222222222 0.011979166666666667 0.014814814814814815
3 0.7619791666666667 0.6921296296296297 0.011458333333333333 0.013888888888888888
3 0.81796875 0.6847222222222222 0.013020833333333334 0.019444444444444445
3 0.8744791666666667 0.6824074074074075 0.0125 0.020370370370370372
3 0.9354166666666667 0.6763888888888889 0.009375 0.01574074074074074