2 0.09661458333333334 0.7 0.022395833333333334 0.022222222222222223
2 0.15338541666666666 0.6907407407407408 0.03697916666666667 0.022222222222222223
2 0.21744791666666666 0.6884259259259259 0.0359375 0.017592592592592594
2 0.24661458333333333 0.7060185185185185 0.044270833333333336 0.026851851851851852
2 0.3177083333333333 0.6851851851851852 0.026041666666666668 0.018518518518518517
2 0.37005208333333334 0.687037037037037 0.0234375 0.024074074074074074
2 0.41692708333333334 0.6736111111111112 0.03802083333333333 0.017592592592592594
2 0.453125 0.6861111111111111 0.036458333333333336 0.027777777777777776
2 0.49947916666666664 0.6680555555555555 0.022916666666666665 0.01574074074074074
2 0.6026041666666667 0.6731481481481482 0.034375 0.022222222222222223
2 0.634375 0.6685185185185185 0.03125 0.022222222222222223
2 0.6885416666666667 0.6625 0.036458333333333336 0.025
2 0.73515625 0.6453703703703704 0.0265625 0.025925925925925925
2 0.7893229166666667 0.6537037037037037 0.04114583333333333 0.022222222222222223
2 0.84296875 0.6393518518518518 0.03177083333333333 0.013888888888888888
2 0.8984375 0.638425925925926 0.04375 0.017592592592592594
2 0.9572916666666667 0.6236111111111111 0.019791666666666666 0.019444444444444445
1 0.6143229166666667 0.6439814814814815 0.028645833333333332 0.030555555555555555