3 0.6809895833333334 0.9805555555555555 0.015104166666666667 0.020370370370370372
2 0.64921875 0.9148148148148149 0.0953125 0.08703703703703704
2 0.32526041666666666 0.8925925925925926 0.0390625 0.03333333333333333
1 0.7317708333333334 0.9046296296296297 0.06041666666666667 0.07777777777777778
2 0.8104166666666667 0.9148148148148149 0.08125 0.05185185185185185
3 0.5567708333333333 0.986574074074074 0.015625 0.019444444444444445
3 0.50859375 0.9731481481481481 0.0140625 0.016666666666666666
3 0.39348958333333334 0.9726851851851852 0.0140625 0.017592592592592594
3 0.7859375 0.9726851851851852 0.013541666666666667 0.023148148148148147
3 0.9416666666666667 0.9930555555555556 0.017708333333333333 0.013888888888888888
3 0.85 0.9689814814814814 0.015625 0.017592592592592594
3 0.7268229166666667 0.9611111111111111 0.015104166666666667 0.016666666666666666