2 0.8838541666666667 0.7875 0.19375 0.06018518518518518
13 0.9236979166666667 0.7449074074074075 0.024479166666666666 0.0824074074074074
3 0.76796875 0.8101851851851852 0.013020833333333334 0.022222222222222223
1 0.7403645833333333 0.8111111111111111 0.013020833333333334 0.014814814814814815
1 0.43854166666666666 0.7490740740740741 0.07604166666666666 0.03888888888888889
2 0.33125 0.7773148148148148 0.053125 0.026851851851851852
13 0.3145833333333333 0.7736111111111111 0.0125 0.026851851851851852
2 0.13697916666666668 0.7726851851851851 0.07083333333333333 0.03425925925925926
2 0.28203125 0.7754629629629629 0.03697916666666667 0.013888888888888888
2 0.54140625 0.749537037037037 0.022395833333333334 0.01574074074074074
1 0.6598958333333333 0.7337962962962963 0.058333333333333334 0.041666666666666664
2 0.7328125 0.7351851851851852 0.041666666666666664 0.018518518518518517
2 0.8838541666666667 0.7300925925925926 0.057291666666666664 0.025
2 0.9567708333333333 0.7226851851851852 0.05625 0.021296296296296296