2 0.6354166666666666 0.6578703703703703 0.058333333333333334 0.16574074074074074
2 0.8354166666666667 0.6736111111111112 0.042708333333333334 0.12129629629629629
2 0.8075520833333333 0.662962962962963 0.024479166666666666 0.12777777777777777
5 0.0328125 0.7032407407407407 0.040625 0.021296296296296296
5 0.09921875 0.7032407407407407 0.0171875 0.01574074074074074
5 0.36953125 0.7060185185185185 0.028645833333333332 0.012037037037037037
5 0.41041666666666665 0.7032407407407407 0.028125 0.017592592592592594
5 0.46171875 0.7037037037037037 0.06510416666666667 0.020370370370370372
5 0.5604166666666667 0.6990740740740741 0.121875 0.02962962962962963
5 0.76875 0.7027777777777777 0.016666666666666666 0.018518518518518517
5 0.6747395833333333 0.7013888888888888 0.0296875 0.025
5 0.16536458333333334 0.7046296296296296 0.08489583333333334 0.014814814814814815