3 0.096875 0.6939814814814815 0.011458333333333333 0.021296296296296296
3 0.5341145833333333 0.687962962962963 0.0171875 0.024074074074074074
3 0.2799479166666667 0.6972222222222222 0.016145833333333335 0.022222222222222223
3 0.3234375 0.6949074074074074 0.0125 0.021296296296296296
3 0.14166666666666666 0.6967592592592593 0.013541666666666667 0.017592592592592594
3 0.0171875 0.6935185185185185 0.011458333333333333 0.020370370370370372
3 0.05520833333333333 0.6958333333333333 0.0125 0.025
3 0.3770833333333333 0.6916666666666667 0.011458333333333333 0.020370370370370372
3 0.8041666666666667 0.6814814814814815 0.015625 0.020370370370370372
3 0.96953125 0.674537037037037 0.013020833333333334 0.023148148148148147
3 0.43828125 0.6958333333333333 0.018229166666666668 0.023148148148148147
8 0.34296875 0.6291666666666667 0.6848958333333334 0.041666666666666664