1 0.19453125 0.8134259259259259 0.09427083333333333 0.1287037037037037
1 0.26171875 0.7953703703703704 0.0609375 0.10740740740740741
2 0.4395833333333333 0.812037037037037 0.03333333333333333 0.020370370370370372
2 0.7302083333333333 0.788425925925926 0.0375 0.021296296296296296
1 0.8877604166666667 0.7597222222222222 0.14947916666666666 0.09722222222222222
2 0.06979166666666667 0.8398148148148148 0.028125 0.020370370370370372
2 0.33671875 0.8194444444444444 0.03802083333333333 0.016666666666666666
3 0.01484375 0.9143518518518519 0.0140625 0.028703703703703703
3 0.0703125 0.924074074074074 0.0125 0.03518518518518519
3 0.0921875 0.9342592592592592 0.01875 0.02962962962962963
3 0.1125 0.9333333333333333 0.017708333333333333 0.022222222222222223
3 0.21223958333333334 0.9384259259259259 0.016145833333333335 0.032407407407407406
3 0.22786458333333334 0.9412037037037037 0.0171875 0.028703703703703703
3 0.2911458333333333 0.9194444444444444 0.015625 0.037037037037037035
3 0.3380208333333333 0.913425925925926 0.0125 0.026851851851851852
3 0.3609375 0.9365740740740741 0.013541666666666667 0.025
3 0.38333333333333336 0.9314814814814815 0.016666666666666666 0.027777777777777776
3 0.41692708333333334 0.9212962962962963 0.0203125 0.03148148148148148
3 0.4401041666666667 0.9166666666666666 0.019791666666666666 0.024074074074074074
3 0.47421875 0.9111111111111111 0.015104166666666667 0.022222222222222223
3 0.5192708333333333 0.9328703703703703 0.014583333333333334 0.026851851851851852
3 0.540625 0.9328703703703703 0.017708333333333333 0.026851851851851852
3 0.5575520833333333 0.9310185185185185 0.016145833333333335 0.032407407407407406
3 0.58515625 0.9189814814814815 0.0203125 0.028703703703703703
3 0.61796875 0.913425925925926 0.018229166666666668 0.032407407407407406
3 0.6908854166666667 0.9 0.018229166666666668 0.03518518518518519
3 0.7291666666666666 0.9236111111111112 0.020833333333333332 0.03796296296296296
3 0.75 0.9199074074074074 0.021875 0.026851851851851852
3 0.91328125 0.9148148148148149 0.0234375 0.02962962962962963
3 0.99140625 0.9078703703703703 0.0171875 0.041666666666666664
3 0.25442708333333336 0.9009259259259259 0.016145833333333335 0.022222222222222223
3 0.17447916666666666 0.9064814814814814 0.010416666666666666 0.022222222222222223