7 0.9109375 0.5115740740740741 0.08125 0.04722222222222222
5 0.09973958333333334 0.5981481481481481 0.0359375 0.024074074074074074
5 0.14244791666666667 0.5912037037037037 0.0296875 0.025
5 0.18828125 0.6148148148148148 0.04010416666666667 0.03333333333333333
5 0.12552083333333333 0.6648148148148149 0.03125 0.027777777777777776
5 0.026041666666666668 0.6819444444444445 0.04791666666666667 0.03981481481481482
5 0.2734375 0.600462962962963 0.040625 0.026851851851851852
5 0.2578125 0.5060185185185185 0.03333333333333333 0.030555555555555555
5 0.28828125 0.5074074074074074 0.027604166666666666 0.025925925925925925
5 0.33541666666666664 0.5078703703703704 0.028125 0.025
5 0.4473958333333333 0.5064814814814815 0.16666666666666666 0.02962962962962963
5 0.71640625 0.5157407407407407 0.021354166666666667 0.020370370370370372
5 0.16927083333333334 0.5060185185185185 0.03125 0.017592592592592594
5 0.5638020833333334 0.5148148148148148 0.019270833333333334 0.012962962962962963
5 0.6088541666666667 0.5222222222222223 0.028125 0.025925925925925925