1 0.1 0.6300925925925925 0.19895833333333332 0.175
1 0.6440104166666667 0.6324074074074074 0.17552083333333332 0.08703703703703704
3 0.9713541666666666 0.7152777777777778 0.021875 0.03611111111111111
3 0.8953125 0.7138888888888889 0.0125 0.02962962962962963
3 0.8651041666666667 0.7111111111111111 0.013541666666666667 0.018518518518518517
3 0.8177083333333334 0.7050925925925926 0.015625 0.021296296296296296
3 0.7822916666666667 0.7129629629629629 0.016666666666666666 0.018518518518518517
3 0.7510416666666667 0.7064814814814815 0.013541666666666667 0.016666666666666666
3 0.71875 0.7046296296296296 0.019791666666666666 0.020370370370370372
3 0.6765625 0.7027777777777777 0.013541666666666667 0.024074074074074074
3 0.6565104166666667 0.7027777777777777 0.013020833333333334 0.020370370370370372
3 0.6294270833333333 0.6967592592592593 0.013020833333333334 0.021296296296296296
3 0.5981770833333333 0.6990740740740741 0.0109375 0.024074074074074074
3 0.5747395833333333 0.6990740740740741 0.016145833333333335 0.018518518518518517
3 0.5364583333333334 0.6962962962962963 0.014583333333333334 0.022222222222222223
3 0.9330729166666667 0.6990740740740741 0.015104166666666667 0.024074074074074074