9 0.020833333333333332 0.26481481481481484 0.040625 0.17962962962962964
0 0.7265625 0.13425925925925927 0.546875 0.2574074074074074
12 0.9375 0.29305555555555557 0.125 0.1175925925925926
10 0.1109375 0.2884259259259259 0.035416666666666666 0.575
10 0.5067708333333333 0.26851851851851855 0.10104166666666667 0.5314814814814814
10 0.7666666666666667 0.287962962962963 0.30104166666666665 0.5740740740740741
10 0.38046875 0.17685185185185184 0.19739583333333333 0.34074074074074073
10 0.22317708333333333 0.17777777777777778 0.10052083333333334 0.35
10 0.3151041666666667 0.1787037037037037 0.0875 0.34629629629629627
10 0.05572916666666667 0.18055555555555555 0.08958333333333333 0.3592592592592593
10 0.159375 0.17731481481481481 0.06458333333333334 0.3490740740740741