2 0.43333333333333335 0.8523148148148149 0.078125 0.05277777777777778
2 0.48854166666666665 0.8236111111111111 0.04375 0.026851851851851852
2 0.5263020833333333 0.812962962962963 0.044270833333333336 0.020370370370370372
2 0.56796875 0.8023148148148148 0.0421875 0.019444444444444445
2 0.65546875 0.7949074074074074 0.034895833333333334 0.026851851851851852
2 0.9138020833333333 0.7592592592592593 0.058854166666666666 0.016666666666666666
2 0.32578125 0.7870370370370371 0.0390625 0.014814814814814815
2 0.3625 0.7847222222222222 0.03333333333333333 0.013888888888888888
9 0.04140625 0.6814814814814815 0.0359375 0.23703703703703705
9 0.07708333333333334 0.7101851851851851 0.03854166666666667 0.17222222222222222
13 0.42291666666666666 0.8013888888888889 0.019791666666666666 0.06574074074074074
13 0.440625 0.7847222222222222 0.015625 0.075
13 0.48515625 0.7907407407407407 0.0171875 0.046296296296296294
13 0.5247395833333334 0.7916666666666666 0.011979166666666667 0.027777777777777776
7 0.6138020833333333 0.7824074074074074 0.049479166666666664 0.040740740740740744