1 0.18984375 0.65 0.022395833333333334 0.046296296296296294
9 0.016927083333333332 0.47175925925925927 0.0171875 0.4287037037037037
4 0.8598958333333333 0.8550925925925926 0.2604166666666667 0.21388888888888888
13 0.8359375 0.7231481481481481 0.05 0.12962962962962962
4 0.47994791666666664 0.7583333333333333 0.32864583333333336 0.13518518518518519
13 0.5760416666666667 0.7222222222222222 0.01875 0.044444444444444446
2 0.47161458333333334 0.7064814814814815 0.07135416666666666 0.03148148148148148
13 0.4515625 0.6967592592592593 0.009375 0.032407407407407406
13 0.4661458333333333 0.6976851851851852 0.009375 0.030555555555555555
13 0.4783854166666667 0.7041666666666667 0.009895833333333333 0.030555555555555555
13 0.4583333333333333 0.6986111111111111 0.008333333333333333 0.032407407407407406