9 0.030729166666666665 0.4935185185185185 0.017708333333333333 0.4166666666666667
4 0.7328125 0.8685185185185185 0.20833333333333334 0.17222222222222222
4 0.46953125 0.7712962962962963 0.31197916666666664 0.12037037037037036
4 0.903125 0.8310185185185185 0.13229166666666667 0.09722222222222222
13 0.553125 0.7416666666666667 0.020833333333333332 0.03888888888888889
13 0.7328125 0.7402777777777778 0.046875 0.1175925925925926
2 0.47291666666666665 0.7333333333333333 0.071875 0.03518518518518519
13 0.46927083333333336 0.7180555555555556 0.00625 0.03796296296296296
13 0.4578125 0.7189814814814814 0.007291666666666667 0.032407407407407406
13 0.4778645833333333 0.7268518518518519 0.0109375 0.03148148148148148
1 0.2 0.6736111111111112 0.022916666666666665 0.03796296296296296