2 0.6921875 0.8550925925925926 0.07083333333333333 0.058333333333333334
2 0.8182291666666667 0.8148148148148148 0.071875 0.04814814814814815
2 0.9739583333333334 0.7509259259259259 0.042708333333333334 0.05
2 0.8841145833333334 0.7958333333333333 0.049479166666666664 0.05462962962962963
2 0.9260416666666667 0.7694444444444445 0.04895833333333333 0.053703703703703705
13 0.6875 0.8273148148148148 0.023958333333333335 0.06759259259259259
13 0.8036458333333333 0.8 0.026041666666666668 0.06851851851851852
13 0.8653645833333333 0.7814814814814814 0.0296875 0.046296296296296294
13 0.8880208333333334 0.7787037037037037 0.022916666666666665 0.04814814814814815
13 0.9309895833333334 0.762962962962963 0.024479166666666666 0.046296296296296294
9 0.15703125 0.7111111111111111 0.0421875 0.25
9 0.22760416666666666 0.6962962962962963 0.04583333333333333 0.2796296296296296
9 0.44609375 0.7296296296296296 0.0296875 0.1685185185185185
9 0.49322916666666666 0.7282407407407407 0.029166666666666667 0.17685185185185184
9 0.5377604166666666 0.7125 0.025520833333333333 0.1935185185185185
9 0.011979166666666667 0.7319444444444444 0.022916666666666665 0.23425925925925925
9 0.5627604166666667 0.7324074074074074 0.0265625 0.13703703703703704
13 0.6971354166666667 0.8106481481481481 0.0296875 0.07685185185185185
4 0.016927083333333332 0.9199074074074074 0.0328125 0.049074074074074076