2 0.17552083333333332 0.6787037037037037 0.09270833333333334 0.037037037037037035
2 0.31979166666666664 0.6652777777777777 0.1 0.03796296296296296
2 0.5091145833333334 0.7027777777777777 0.14947916666666666 0.03888888888888889
2 0.11484375 0.6504629629629629 0.0671875 0.023148148148148147
2 0.9091145833333333 0.7097222222222223 0.18177083333333333 0.06759259259259259
2 0.7859375 0.6666666666666666 0.07083333333333333 0.025925925925925925
2 0.6263020833333334 0.6657407407407407 0.06822916666666666 0.025925925925925925
2 0.6885416666666667 0.6601851851851852 0.04895833333333333 0.027777777777777776
2 0.4158854166666667 0.6601851851851852 0.06302083333333333 0.027777777777777776
3 0.41796875 0.7180555555555556 0.015104166666666667 0.019444444444444445
3 0.56796875 0.7287037037037037 0.0109375 0.020370370370370372