3 0.8981770833333333 0.6050925925925926 0.019270833333333334 0.021296296296296296
3 0.93203125 0.6032407407407407 0.019270833333333334 0.021296296296296296
3 0.9486979166666667 0.6041666666666666 0.019270833333333334 0.021296296296296296
3 0.6838541666666667 0.5856481481481481 0.015625 0.026851851851851852
3 0.6020833333333333 0.5976851851851852 0.015625 0.026851851851851852
3 0.5541666666666667 0.6078703703703704 0.015625 0.026851851851851852
3 0.4947916666666667 0.6189814814814815 0.015625 0.026851851851851852
3 0.28489583333333335 0.6467592592592593 0.015625 0.026851851851851852
3 0.32447916666666665 0.611574074074074 0.015625 0.026851851851851852
3 0.2046875 0.6365740740740741 0.015625 0.026851851851851852
3 0.11666666666666667 0.6652777777777777 0.015625 0.026851851851851852
3 0.0859375 0.6523148148148148 0.015625 0.026851851851851852
3 0.01875 0.6810185185185185 0.015625 0.026851851851851852
3 0.06354166666666666 0.6310185185185185 0.015625 0.026851851851851852
3 0.01875 0.6217592592592592 0.015625 0.026851851851851852
3 0.078125 0.6328703703703704 0.015625 0.026851851851851852
3 0.15260416666666668 0.6217592592592592 0.015625 0.026851851851851852
3 0.16458333333333333 0.6236111111111111 0.015625 0.026851851851851852
3 0.18177083333333333 0.6217592592592592 0.015625 0.026851851851851852
3 0.24583333333333332 0.6069444444444444 0.015625 0.026851851851851852
3 0.38385416666666666 0.6032407407407407 0.015625 0.026851851851851852
3 0.4114583333333333 0.5912037037037037 0.015625 0.026851851851851852
3 0.4359375 0.5912037037037037 0.015625 0.026851851851851852
3 0.45989583333333334 0.5893518518518519 0.015625 0.026851851851851852
3 0.7291666666666666 0.5680555555555555 0.015625 0.026851851851851852
3 0.7385416666666667 0.5662037037037037 0.015625 0.026851851851851852
1 0.6091145833333333 0.5282407407407408 0.18697916666666667 0.0824074074074074
2 0.4044270833333333 0.5638888888888889 0.050520833333333334 0.014814814814814815
2 0.07682291666666667 0.587037037037037 0.050520833333333334 0.014814814814814815