3 0.08671875 0.9421296296296297 0.019270833333333334 0.026851851851851852
3 0.10625 0.9425925925925925 0.019791666666666666 0.03518518518518519
3 0.12291666666666666 0.8625 0.008333333333333333 0.019444444444444445
3 0.13203125 0.8643518518518518 0.0109375 0.028703703703703703
3 0.265625 0.8606481481481482 0.011458333333333333 0.017592592592592594
3 0.2721354166666667 0.8625 0.011979166666666667 0.025
3 0.4244791666666667 0.8569444444444444 0.009375 0.019444444444444445
3 0.4166666666666667 0.8583333333333333 0.010416666666666666 0.022222222222222223
3 0.5286458333333334 0.8541666666666666 0.010416666666666666 0.023148148148148147
2 0.21744791666666666 0.8324074074074074 0.1015625 0.040740740740740744
2 0.48489583333333336 0.8148148148148148 0.08125 0.03518518518518519
2 0.5572916666666666 0.8319444444444445 0.121875 0.04537037037037037
2 0.81171875 0.7796296296296297 0.0296875 0.024074074074074074
2 0.8567708333333334 0.774074074074074 0.06145833333333333 0.024074074074074074
2 0.953125 0.7726851851851851 0.03854166666666667 0.025