2 0.071875 0.7986111111111112 0.0375 0.026851851851851852
4 0.3578125 0.8152777777777778 0.030208333333333334 0.030555555555555555
1 0.43697916666666664 0.8231481481481482 0.01875 0.022222222222222223
2 0.5596354166666667 0.8560185185185185 0.0234375 0.017592592592592594
9 0.7283854166666667 0.7754629629629629 0.016145833333333335 0.16574074074074074
9 0.7598958333333333 0.7712962962962963 0.019791666666666666 0.1814814814814815
9 0.7979166666666667 0.7842592592592592 0.021875 0.15555555555555556
9 0.8122395833333333 0.8074074074074075 0.009895833333333333 0.09444444444444444
9 0.8565104166666667 0.8004629629629629 0.0171875 0.11574074074074074
9 0.8901041666666667 0.8087962962962963 0.016666666666666666 0.10277777777777777
9 0.9015625 0.8157407407407408 0.019791666666666666 0.09444444444444444