2 0.10651041666666666 0.8421296296296297 0.027604166666666666 0.01574074074074074
3 0.20729166666666668 0.8398148148148148 0.022916666666666665 0.02962962962962963
3 0.42916666666666664 0.850925925925926 0.01875 0.027777777777777776
3 0.72578125 0.8638888888888889 0.021354166666666667 0.03333333333333333
3 0.7434895833333334 0.8361111111111111 0.016145833333333335 0.027777777777777776
2 0.4088541666666667 0.8611111111111112 0.017708333333333333 0.018518518518518517
1 0.7518229166666667 0.7782407407407408 0.028645833333333332 0.04351851851851852
2 0.7231770833333333 0.7824074074074074 0.016145833333333335 0.03333333333333333
1 0.85 0.7555555555555555 0.07083333333333333 0.1574074074074074
2 0.8822916666666667 0.861574074074074 0.027083333333333334 0.028703703703703703
8 0.9229166666666667 0.8439814814814814 0.084375 0.10833333333333334
13 0.9044270833333333 0.8 0.0078125 0.05185185185185185