3 0.11927083333333334 0.7902777777777777 0.03958333333333333 0.05277777777777778
3 0.80625 0.6027777777777777 0.058333333333333334 0.05925925925925926
2 0.20755208333333333 0.43472222222222223 0.1453125 0.13055555555555556
2 0.7111979166666667 0.4527777777777778 0.1734375 0.11481481481481481
2 0.15651041666666668 0.20879629629629629 0.08072916666666667 0.05092592592592592
2 0.03619791666666667 0.20833333333333334 0.07135416666666666 0.05925925925925926
2 0.26796875 0.1814814814814815 0.0703125 0.05740740740740741
2 0.41484375 0.20324074074074075 0.18489583333333334 0.06944444444444445
2 0.5109375 0.2638888888888889 0.13125 0.07962962962962963
2 0.6346354166666667 0.19768518518518519 0.08489583333333334 0.058333333333333334
2 0.7440104166666667 0.15555555555555556 0.06927083333333334 0.05
2 0.8315104166666667 0.20092592592592592 0.09635416666666667 0.04814814814814815
2 0.9083333333333333 0.1625 0.0625 0.04722222222222222
4 0.9513020833333333 0.2884259259259259 0.03697916666666667 0.025