2 0.12135416666666667 0.6458333333333334 0.022916666666666665 0.019444444444444445
2 0.17265625 0.6388888888888888 0.0265625 0.020370370370370372
2 0.2390625 0.6388888888888888 0.030208333333333334 0.022222222222222223
2 0.27369791666666665 0.6574074074074074 0.04010416666666667 0.024074074074074074
2 0.3390625 0.6416666666666667 0.020833333333333332 0.018518518518518517
2 0.3734375 0.6310185185185185 0.028125 0.021296296296296296
2 0.39401041666666664 0.6453703703703704 0.024479166666666666 0.016666666666666666
2 0.4356770833333333 0.6319444444444444 0.04114583333333333 0.019444444444444445
2 0.47552083333333334 0.6458333333333334 0.0375 0.025
2 0.49765625 0.6333333333333333 0.022395833333333334 0.018518518518518517
2 0.625 0.6402777777777777 0.029166666666666667 0.021296296296296296
2 0.6526041666666667 0.6351851851851852 0.034375 0.024074074074074074
2 0.715625 0.6319444444444444 0.04583333333333333 0.017592592592592594
2 0.75078125 0.6189814814814815 0.0265625 0.019444444444444445
2 0.8078125 0.6273148148148148 0.0375 0.019444444444444445
2 0.86015625 0.6175925925925926 0.0296875 0.020370370370370372
2 0.9153645833333334 0.6199074074074075 0.04114583333333333 0.017592592592592594
2 0.9716145833333333 0.6078703703703704 0.021354166666666667 0.019444444444444445
1 0.6286458333333333 0.6097222222222223 0.028125 0.03425925925925926