2 0.35989583333333336 0.6787037037037037 0.17708333333333334 0.06481481481481481
2 0.47994791666666664 0.6569444444444444 0.11197916666666667 0.04722222222222222
2 0.346875 0.6388888888888888 0.059375 0.03888888888888889
2 0.28489583333333335 0.6319444444444444 0.041666666666666664 0.028703703703703703
2 0.26328125 0.6208333333333333 0.04010416666666667 0.021296296296296296
3 0.25442708333333336 0.6893518518518519 0.011979166666666667 0.017592592592592594
3 0.2674479166666667 0.6912037037037037 0.013020833333333334 0.021296296296296296
3 0.8513020833333333 0.7037037037037037 0.016145833333333335 0.025925925925925925
3 0.8302083333333333 0.6972222222222222 0.013541666666666667 0.020370370370370372
9 0.11302083333333333 0.5555555555555556 0.0125 0.11666666666666667
9 0.14088541666666668 0.55 0.009895833333333333 0.12407407407407407
9 0.15546875 0.5625 0.011979166666666667 0.11018518518518519
2 0.7098958333333333 0.6388888888888888 0.035416666666666666 0.022222222222222223
2 0.8046875 0.6361111111111111 0.0375 0.018518518518518517
2 0.934375 0.638425925925926 0.0375 0.023148148148148147
2 0.42994791666666665 0.6148148148148148 0.049479166666666664 0.020370370370370372
2 0.6263020833333334 0.6287037037037037 0.0328125 0.022222222222222223