2 0.0921875 0.6550925925925926 0.029166666666666667 0.041666666666666664
2 0.11875 0.6986111111111111 0.03125 0.03796296296296296
2 0.09192708333333334 0.687962962962963 0.028645833333333332 0.027777777777777776
2 0.178125 0.663425925925926 0.01875 0.049074074074074076
2 0.19427083333333334 0.6546296296296297 0.019791666666666666 0.044444444444444446
2 0.2669270833333333 0.7333333333333333 0.05260416666666667 0.027777777777777776
2 0.014583333333333334 0.7240740740740741 0.028125 0.04814814814814815
2 0.23723958333333334 0.6856481481481481 0.030729166666666665 0.03981481481481482
2 0.28515625 0.7050925925925926 0.04739583333333333 0.03981481481481482
2 0.35598958333333336 0.6777777777777778 0.0328125 0.025925925925925925
2 0.41380208333333335 0.6722222222222223 0.0359375 0.03333333333333333
2 0.39375 0.7157407407407408 0.06979166666666667 0.044444444444444446
2 0.5979166666666667 0.6837962962962963 0.06770833333333333 0.04351851851851852
2 0.7697916666666667 0.6777777777777778 0.04375 0.03148148148148148
2 0.7075520833333333 0.6912037037037037 0.030729166666666665 0.025
2 0.5252604166666667 0.7439814814814815 0.0765625 0.04351851851851852
2 0.55234375 0.7263888888888889 0.06822916666666666 0.03981481481481482
2 0.6955729166666667 0.7361111111111112 0.049479166666666664 0.044444444444444446
2 0.825 0.7092592592592593 0.057291666666666664 0.03518518518518519
2 0.9802083333333333 0.6787037037037037 0.03958333333333333 0.05
2 0.9083333333333333 0.6967592592592593 0.05 0.028703703703703703
2 0.9619791666666667 0.7078703703703704 0.06041666666666667 0.03796296296296296
2 0.8846354166666667 0.7476851851851852 0.10989583333333333 0.06018518518518518
2 0.7184895833333333 0.7203703703703703 0.05260416666666667 0.046296296296296294
3 0.2125 0.8199074074074074 0.016666666666666666 0.021296296296296296