3 0.39869791666666665 0.924074074074074 0.027604166666666666 0.046296296296296294
3 0.5151041666666667 0.8805555555555555 0.023958333333333335 0.040740740740740744
3 0.45807291666666666 0.8949074074074074 0.0234375 0.03981481481481482
3 0.67734375 0.850925925925926 0.019270833333333334 0.03333333333333333
3 0.59453125 0.8444444444444444 0.021354166666666667 0.03333333333333333
3 0.5520833333333334 0.8240740740740741 0.017708333333333333 0.03333333333333333
3 0.4671875 0.8486111111111111 0.019791666666666666 0.026851851851851852
3 0.40989583333333335 0.8606481481481482 0.01875 0.03425925925925926
3 0.3375 0.8842592592592593 0.020833333333333332 0.037037037037037035
3 0.21041666666666667 0.8351851851851851 0.011458333333333333 0.027777777777777776
3 0.24088541666666666 0.8268518518518518 0.0109375 0.020370370370370372
3 0.271875 0.8208333333333333 0.016666666666666666 0.021296296296296296
3 0.34739583333333335 0.8064814814814815 0.013541666666666667 0.020370370370370372
3 0.38671875 0.7953703703703704 0.011979166666666667 0.020370370370370372
4 0.10651041666666666 0.7972222222222223 0.0796875 0.06481481481481481
4 0.9481770833333333 0.6449074074074074 0.044270833333333336 0.026851851851851852