1 0.14765625 0.6847222222222222 0.17239583333333333 0.10833333333333334
1 0.041666666666666664 0.6805555555555556 0.08229166666666667 0.08148148148148149
1 0.6372395833333333 0.6828703703703703 0.12447916666666667 0.06574074074074074
2 0.7833333333333333 0.7694444444444445 0.07395833333333333 0.06666666666666667
3 0.9791666666666666 0.7958333333333333 0.013541666666666667 0.026851851851851852
3 0.94609375 0.7916666666666666 0.015104166666666667 0.025925925925925925
3 0.9114583333333334 0.7888888888888889 0.013541666666666667 0.024074074074074074
3 0.9614583333333333 0.7865740740740741 0.013541666666666667 0.025
3 0.8861979166666667 0.7777777777777778 0.0140625 0.025925925925925925
3 0.8502604166666666 0.7833333333333333 0.015104166666666667 0.027777777777777776
3 0.8380208333333333 0.7731481481481481 0.014583333333333334 0.024074074074074074
3 0.6830729166666667 0.7694444444444445 0.015104166666666667 0.020370370370370372
3 0.653125 0.7652777777777777 0.014583333333333334 0.017592592592592594
3 0.6286458333333333 0.762962962962963 0.011458333333333333 0.016666666666666666
3 0.6015625 0.7601851851851852 0.011458333333333333 0.020370370370370372