2 0.0859375 0.5560185185185185 0.17083333333333334 0.05462962962962963
3 0.4708333333333333 0.5532407407407407 0.021875 0.026851851851851852
3 0.4119791666666667 0.5550925925925926 0.015625 0.021296296296296296
3 0.37838541666666664 0.5555555555555556 0.016145833333333335 0.022222222222222223
3 0.359375 0.5555555555555556 0.017708333333333333 0.024074074074074074
3 0.3502604166666667 0.5509259259259259 0.015104166666666667 0.02962962962962963
3 0.3346354166666667 0.549074074074074 0.015104166666666667 0.025925925925925925
3 0.715625 0.5032407407407408 0.013541666666666667 0.023148148148148147
3 0.7783854166666667 0.4981481481481482 0.015104166666666667 0.027777777777777776
3 0.8997395833333334 0.48657407407407405 0.011979166666666667 0.017592592592592594
3 0.9559895833333333 0.4847222222222222 0.018229166666666668 0.028703703703703703
3 0.5171875 0.513425925925926 0.008333333333333333 0.019444444444444445
3 0.54296875 0.5125 0.009895833333333333 0.017592592592592594