1 0.20416666666666666 0.5819444444444445 0.040625 0.08055555555555556
3 0.18255208333333334 0.7060185185185185 0.0265625 0.032407407407407406
3 0.16015625 0.7694444444444445 0.030729166666666665 0.05
2 0.26536458333333335 0.7162037037037037 0.11927083333333334 0.10648148148148148
13 0.28020833333333334 0.700462962962963 0.014583333333333334 0.05648148148148148
13 0.26484375 0.700925925925926 0.0171875 0.05555555555555555
2 0.375 0.5777777777777777 0.12291666666666666 0.2759259259259259
8 0.49765625 0.7615740740740741 0.1359375 0.225
13 0.46848958333333335 0.6796296296296296 0.011979166666666667 0.08333333333333333
2 0.42265625 0.7791666666666667 0.0671875 0.08796296296296297
2 0.52109375 0.850925925925926 0.08385416666666666 0.06481481481481481