2 0.41510416666666666 0.8699074074074075 0.11666666666666667 0.06944444444444445
2 0.48020833333333335 0.850925925925926 0.029166666666666667 0.03148148148148148
2 0.5153645833333333 0.8268518518518518 0.04739583333333333 0.027777777777777776
2 0.5658854166666667 0.8097222222222222 0.044270833333333336 0.030555555555555555
7 0.6088541666666667 0.7833333333333333 0.04895833333333333 0.03518518518518519
2 0.6546875 0.7986111111111112 0.03125 0.028703703703703703
2 0.89609375 0.7578703703703704 0.05677083333333333 0.032407407407407406
2 0.9716145833333333 0.737037037037037 0.018229166666666668 0.025925925925925925
13 0.39479166666666665 0.8273148148148148 0.030208333333333334 0.0787037037037037
13 0.43854166666666666 0.8134259259259259 0.029166666666666667 0.08611111111111111
13 0.471875 0.8180555555555555 0.01875 0.058333333333333334
13 0.51484375 0.8152777777777778 0.011979166666666667 0.03796296296296296
13 0.565625 0.7916666666666666 0.0125 0.046296296296296294
13 0.6494791666666667 0.7763888888888889 0.014583333333333334 0.04351851851851852
9 0.042708333333333334 0.7157407407407408 0.041666666666666664 0.2537037037037037
9 0.07682291666666667 0.7393518518518518 0.030729166666666665 0.1787037037037037