2 0.6390625 0.8305555555555556 0.09479166666666666 0.06851851851851852
2 0.80546875 0.8217592592592593 0.0671875 0.05092592592592592
2 0.7416666666666667 0.8143518518518519 0.078125 0.04351851851851852
2 0.3640625 0.799074074074074 0.046875 0.027777777777777776
3 0.9223958333333333 0.9828703703703704 0.020833333333333332 0.032407407407407406
2 0.64140625 0.8287037037037037 0.10260416666666666 0.06481481481481481
3 0.9216145833333333 0.9828703703703704 0.022395833333333334 0.032407407407407406
3 0.7903645833333334 0.9027777777777778 0.015104166666666667 0.020370370370370372
3 0.8716145833333333 0.9004629629629629 0.018229166666666668 0.017592592592592594
3 0.9393229166666667 0.8921296296296296 0.015104166666666667 0.017592592592592594
3 0.6395833333333333 0.8796296296296297 0.015625 0.020370370370370372
3 0.51796875 0.8805555555555555 0.0171875 0.018518518518518517