4 0.10130208333333333 0.7148148148148148 0.05677083333333333 0.06111111111111111
3 0.20182291666666666 0.736574074074074 0.015104166666666667 0.032407407407407406
3 0.22890625 0.7217592592592592 0.015104166666666667 0.023148148148148147
3 0.28515625 0.7203703703703703 0.0140625 0.016666666666666666
3 0.29140625 0.7018518518518518 0.021354166666666667 0.02962962962962963
3 0.5015625 0.7518518518518519 0.014583333333333334 0.020370370370370372
3 0.46015625 0.7208333333333333 0.016145833333333335 0.012037037037037037
3 0.7002604166666667 0.7805555555555556 0.0046875 0.011111111111111112
3 0.79765625 0.8087962962962963 0.0109375 0.006481481481481481
3 0.9270833333333334 0.8157407407407408 0.008333333333333333 0.011111111111111112
3 0.95546875 0.8143518518518519 0.0109375 0.013888888888888888
3 0.8638020833333333 0.7925925925925926 0.009895833333333333 0.022222222222222223
3 0.62109375 0.7560185185185185 0.011979166666666667 0.012037037037037037
3 0.3848958333333333 0.7597222222222222 0.014583333333333334 0.017592592592592594
3 0.26640625 0.6805555555555556 0.009895833333333333 0.009259259259259259
3 0.16796875 0.6666666666666666 0.013020833333333334 0.016666666666666666
3 0.4825520833333333 0.7671296296296296 0.0109375 0.01574074074074074