3 0.40390625 0.4842592592592593 0.015104166666666667 0.016666666666666666
3 0.43072916666666666 0.47638888888888886 0.011458333333333333 0.012037037037037037
3 0.7088541666666667 0.47314814814814815 0.0125 0.016666666666666666
3 0.8057291666666667 0.48009259259259257 0.01875 0.025
3 0.9466145833333334 0.4615740740740741 0.018229166666666668 0.021296296296296296
3 0.58828125 0.475462962962963 0.0109375 0.017592592592592594
3 0.27786458333333336 0.48518518518518516 0.016145833333333335 0.014814814814814815
3 0.1984375 0.4925925925925926 0.010416666666666666 0.014814814814814815
3 0.12473958333333333 0.4912037037037037 0.015104166666666667 0.025
1 0.640625 0.39814814814814814 0.06979166666666667 0.03888888888888889
2 0.5591145833333333 0.41203703703703703 0.03177083333333333 0.024074074074074074
2 0.525 0.4162037037037037 0.017708333333333333 0.017592592592592594
2 0.590625 0.4111111111111111 0.025 0.022222222222222223
2 0.3067708333333333 0.4398148148148148 0.0375 0.03148148148148148
2 0.353125 0.42407407407407405 0.03958333333333333 0.025925925925925925
2 0.06328125 0.475462962962963 0.03802083333333333 0.032407407407407406
2 0.20416666666666666 0.4648148148148148 0.040625 0.024074074074074074
9 0.17317708333333334 0.4125 0.009895833333333333 0.0787037037037037