5 0.10364583333333334 0.924537037037037 0.035416666666666666 0.026851851851851852
5 0.17005208333333333 0.9254629629629629 0.0234375 0.017592592592592594
5 0.4440104166666667 0.9208333333333333 0.0265625 0.021296296296296296
5 0.4828125 0.9226851851851852 0.026041666666666668 0.017592592592592594
5 0.5395833333333333 0.9194444444444444 0.06875 0.018518518518518517
5 0.6466145833333333 0.9138888888888889 0.14010416666666667 0.022222222222222223
5 0.7471354166666667 0.9101851851851852 0.03697916666666667 0.025925925925925925
5 0.8473958333333333 0.9060185185185186 0.022916666666666665 0.017592592592592594
2 0.7947916666666667 0.8671296296296296 0.053125 0.1638888888888889
2 0.9434895833333333 0.8699074074074075 0.028645833333333332 0.1175925925925926
2 0.9731770833333333 0.8666666666666667 0.0359375 0.1259259259259259
5 0.234375 0.9231481481481482 0.07291666666666667 0.022222222222222223
5 0.016145833333333335 0.924537037037037 0.03125 0.017592592592592594