2 0.8346354166666666 0.8324074074074074 0.3307291666666667 0.13333333333333333
2 0.83359375 0.8305555555555556 0.3307291666666667 0.13333333333333333
3 0.6609375 0.6787037037037037 0.20625 0.07962962962962963
3 0.36822916666666666 0.674074074074074 0.051041666666666666 0.05185185185185185
3 0.24244791666666668 0.6611111111111111 0.05364583333333333 0.02962962962962963
3 0.18255208333333334 0.6523148148148148 0.04010416666666667 0.03425925925925926
3 0.4348958333333333 0.6907407407407408 0.014583333333333334 0.014814814814814815
3 0.5255208333333333 0.6995370370370371 0.016666666666666666 0.01574074074074074
3 0.5973958333333333 0.7236111111111111 0.015625 0.023148148148148147
3 0.6502604166666667 0.7722222222222223 0.021354166666666667 0.027777777777777776
3 0.6372395833333333 0.8912037037037037 0.0328125 0.04351851851851852
3 0.6622395833333333 0.8847222222222222 0.025520833333333333 0.04537037037037037
3 0.62734375 0.9138888888888889 0.03697916666666667 0.03518518518518519