1 0.77265625 0.6472222222222223 0.1984375 0.14074074074074075
1 0.33645833333333336 0.6671296296296296 0.030208333333333334 0.041666666666666664
2 0.09270833333333334 0.6898148148148148 0.06458333333333334 0.024074074074074074
2 0.21432291666666667 0.6865740740740741 0.0484375 0.013888888888888888
2 0.19114583333333332 0.6754629629629629 0.05 0.008333333333333333
1 0.96875 0.6425925925925926 0.0625 0.03518518518518519
2 0.9111979166666667 0.6615740740740741 0.044270833333333336 0.019444444444444445
9 0.13489583333333333 0.6305555555555555 0.007291666666666667 0.10555555555555556
9 0.15520833333333334 0.6277777777777778 0.007291666666666667 0.10555555555555556
9 0.16510416666666666 0.6259259259259259 0.007291666666666667 0.10555555555555556
9 0.04375 0.6314814814814815 0.007291666666666667 0.10555555555555556
9 0.059375 0.6305555555555555 0.007291666666666667 0.10555555555555556
9 0.0796875 0.6259259259259259 0.007291666666666667 0.10555555555555556