1 0.103125 0.6217592592592592 0.20520833333333333 0.1361111111111111
1 0.65078125 0.5893518518518519 0.15572916666666667 0.08796296296296297
3 0.93515625 0.6671296296296296 0.016145833333333335 0.026851851851851852
3 0.9 0.6666666666666666 0.016666666666666666 0.03518518518518519
3 0.8494791666666667 0.6643518518518519 0.016666666666666666 0.026851851851851852
3 0.81640625 0.6680555555555555 0.016145833333333335 0.028703703703703703
3 0.7791666666666667 0.6615740740740741 0.013541666666666667 0.021296296296296296
3 0.7408854166666666 0.6625 0.0171875 0.025
3 0.6763020833333333 0.6648148148148149 0.013020833333333334 0.020370370370370372
3 0.6984375 0.6643518518518519 0.013541666666666667 0.021296296296296296
3 0.6489583333333333 0.6615740740740741 0.0125 0.021296296296296296
3 0.9677083333333333 0.6550925925925926 0.016666666666666666 0.025
3 0.6145833333333334 0.6615740740740741 0.008333333333333333 0.023148148148148147