2 0.6869791666666667 0.8611111111111112 0.084375 0.07962962962962963
2 0.8216145833333334 0.8287037037037037 0.06302083333333333 0.05185185185185185
2 0.8901041666666667 0.812962962962963 0.04791666666666667 0.03518518518518519
2 0.93984375 0.8055555555555556 0.0453125 0.027777777777777776
13 0.6723958333333333 0.8347222222222223 0.028125 0.07685185185185185
13 0.6947916666666667 0.8171296296296297 0.020833333333333332 0.0824074074074074
13 0.8059895833333334 0.8041666666666667 0.021354166666666667 0.06018518518518518
13 0.8984375 0.7981481481481482 0.013541666666666667 0.022222222222222223
9 0.15859375 0.7273148148148149 0.0359375 0.24351851851851852
9 0.22994791666666667 0.7074074074074074 0.04635416666666667 0.2740740740740741
9 0.45 0.7421296296296296 0.021875 0.1638888888888889
9 0.5013020833333334 0.7430555555555556 0.0484375 0.1824074074074074
9 0.56171875 0.7328703703703704 0.0609375 0.19166666666666668
9 0.01015625 0.7430555555555556 0.019270833333333334 0.24351851851851852