9 0.10729166666666666 0.41203703703703703 0.010416666666666666 0.07962962962962963
1 0.54609375 0.3962962962962963 0.0484375 0.03888888888888889
2 0.39609375 0.41388888888888886 0.04739583333333333 0.022222222222222223
2 0.22526041666666666 0.44027777777777777 0.03177083333333333 0.021296296296296296
3 0.69609375 0.4583333333333333 0.0171875 0.011111111111111112
3 0.5786458333333333 0.4685185185185185 0.0125 0.012962962962962963
3 0.5158854166666667 0.4615740740740741 0.0140625 0.017592592592592594
2 0.39609375 0.41388888888888886 0.04739583333333333 0.022222222222222223
3 0.41510416666666666 0.46435185185185185 0.014583333333333334 0.01574074074074074
3 0.29583333333333334 0.46805555555555556 0.013541666666666667 0.013888888888888888
3 0.2713541666666667 0.4736111111111111 0.0125 0.012037037037037037