1 0.2669270833333333 0.6356481481481482 0.16822916666666668 0.10833333333333334
1 0.14348958333333334 0.6273148148148148 0.08489583333333334 0.0824074074074074
1 0.7473958333333334 0.6361111111111111 0.125 0.06296296296296296
2 0.8276041666666667 0.6981481481481482 0.078125 0.06481481481481481
2 0.39140625 0.649074074074074 0.03697916666666667 0.022222222222222223
3 0.9424479166666667 0.7152777777777778 0.0140625 0.030555555555555555
3 0.9684895833333333 0.7166666666666667 0.018229166666666668 0.025925925925925925
3 0.8875 0.711574074074074 0.014583333333333334 0.019444444444444445
3 0.7440104166666667 0.6986111111111111 0.0109375 0.019444444444444445
3 0.7184895833333333 0.6962962962962963 0.016145833333333335 0.020370370370370372
3 0.696875 0.6939814814814815 0.0125 0.019444444444444445
3 0.9265625 0.7041666666666667 0.0125 0.030555555555555555