2 0.4609375 0.7384259259259259 0.03229166666666667 0.019444444444444445
4 0.5377604166666666 0.7527777777777778 0.03802083333333333 0.018518518518518517
4 0.6838541666666667 0.7717592592592593 0.03333333333333333 0.01574074074074074
2 0.7432291666666667 0.7805555555555556 0.03854166666666667 0.020370370370370372
3 0.85625 0.8421296296296297 0.010416666666666666 0.013888888888888888
3 0.8893229166666666 0.8467592592592592 0.011979166666666667 0.019444444444444445
3 0.9200520833333333 0.8481481481481481 0.011979166666666667 0.018518518518518517
3 0.95234375 0.8550925925925926 0.0109375 0.01574074074074074
3 0.8106770833333333 0.8375 0.009895833333333333 0.021296296296296296
3 0.8268229166666666 0.8398148148148148 0.0078125 0.020370370370370372
3 0.8205729166666667 0.8375 0.011979166666666667 0.019444444444444445