5 0.02578125 0.5462962962962963 0.050520833333333334 0.027777777777777776
2 0.07552083333333333 0.562037037037037 0.029166666666666667 0.014814814814814815
5 0.14635416666666667 0.5527777777777778 0.053125 0.024074074074074074
5 0.27760416666666665 0.5564814814814815 0.11979166666666667 0.020370370370370372
5 0.60703125 0.5578703703703703 0.04739583333333333 0.017592592592592594
5 0.7505208333333333 0.5583333333333333 0.05 0.022222222222222223
5 0.79296875 0.5509259259259259 0.0421875 0.03148148148148148
5 0.8658854166666666 0.5592592592592592 0.043229166666666666 0.025925925925925925
5 0.9018229166666667 0.5597222222222222 0.0171875 0.021296296296296296
5 0.9559895833333333 0.5481481481481482 0.08802083333333334 0.04814814814814815
5 0.225 0.674537037037037 0.12395833333333334 0.06388888888888888
5 0.340625 0.6652777777777777 0.07395833333333333 0.075
5 0.3020833333333333 0.8310185185185185 0.0875 0.049074074074074076
5 0.3890625 0.8273148148148148 0.07083333333333333 0.05277777777777778
5 0.4908854166666667 0.6944444444444444 0.058854166666666666 0.040740740740740744
5 0.57265625 0.6856481481481481 0.05364583333333333 0.05092592592592592
5 0.6346354166666667 0.7291666666666666 0.07239583333333334 0.05092592592592592
5 0.76796875 0.7032407407407407 0.06614583333333333 0.04722222222222222
5 0.5450520833333333 0.7953703703703704 0.06302083333333333 0.04814814814814815