3 0.062239583333333334 0.7268518518518519 0.009895833333333333 0.014814814814814815
3 0.12447916666666667 0.7273148148148149 0.011458333333333333 0.01574074074074074
3 0.18489583333333334 0.7268518518518519 0.011458333333333333 0.012962962962962963
3 0.24609375 0.7240740740740741 0.015104166666666667 0.018518518518518517
3 0.3098958333333333 0.7212962962962963 0.010416666666666666 0.016666666666666666
3 0.37109375 0.7166666666666667 0.0109375 0.018518518518518517
3 0.43307291666666664 0.7148148148148148 0.013020833333333334 0.014814814814814815
3 0.49713541666666666 0.711574074074074 0.013020833333333334 0.01574074074074074
3 0.5572916666666666 0.7083333333333334 0.013541666666666667 0.018518518518518517
3 0.61796875 0.7018518518518518 0.009895833333333333 0.016666666666666666
3 0.6768229166666667 0.700462962962963 0.011979166666666667 0.01574074074074074
3 0.73515625 0.6949074074074074 0.009895833333333333 0.017592592592592594
3 0.790625 0.6912037037037037 0.0125 0.013888888888888888
3 0.8440104166666667 0.6851851851851852 0.009895833333333333 0.014814814814814815
3 0.9059895833333333 0.6814814814814815 0.0109375 0.016666666666666666
8 0.19140625 0.6555555555555556 0.3807291666666667 0.05185185185185185