3 0.3307291666666667 0.9601851851851851 0.03229166666666667 0.05
3 0.5005208333333333 0.9263888888888889 0.03229166666666667 0.04722222222222222
3 0.6135416666666667 0.8962962962962963 0.029166666666666667 0.05185185185185185
3 0.7065104166666667 0.875462962962963 0.0265625 0.04537037037037037
3 0.8466145833333333 0.8453703703703703 0.025520833333333333 0.03888888888888889
3 0.9604166666666667 0.8125 0.020833333333333332 0.04537037037037037
3 0.5171875 0.7921296296296296 0.017708333333333333 0.025
3 0.5893229166666667 0.7819444444444444 0.016145833333333335 0.025
3 0.6364583333333333 0.8046296296296296 0.016666666666666666 0.024074074074074074
3 0.7059895833333333 0.7870370370370371 0.0171875 0.027777777777777776
3 0.68359375 0.7648148148148148 0.016145833333333335 0.025925925925925925
3 0.7864583333333334 0.7675925925925926 0.014583333333333334 0.03148148148148148
3 0.76015625 0.749537037037037 0.011979166666666667 0.023148148148148147
3 0.8286458333333333 0.7347222222222223 0.014583333333333334 0.025
3 0.8895833333333333 0.7203703703703703 0.0125 0.025925925925925925
3 0.9494791666666667 0.7111111111111111 0.0125 0.022222222222222223
3 0.915625 0.7314814814814815 0.014583333333333334 0.024074074074074074
3 0.37161458333333336 0.7763888888888889 0.013020833333333334 0.013888888888888888
3 0.41822916666666665 0.8125 0.013541666666666667 0.019444444444444445
3 0.55 0.825 0.016666666666666666 0.022222222222222223
3 0.97265625 0.7212962962962963 0.0140625 0.022222222222222223
4 0.4453125 0.7333333333333333 0.090625 0.06111111111111111
4 0.28567708333333336 0.7407407407407407 0.0828125 0.046296296296296294
4 0.16744791666666667 0.7356481481481482 0.0578125 0.03796296296296296
8 0.18255208333333334 0.6962962962962963 0.24010416666666667 0.04259259259259259