2 0.0875 0.7236111111111111 0.034375 0.03981481481481482
2 0.25052083333333336 0.7041666666666667 0.034375 0.03796296296296296
2 0.3703125 0.7430555555555556 0.071875 0.04537037037037037
2 0.60703125 0.7490740740740741 0.04635416666666667 0.027777777777777776
2 0.7197916666666667 0.7189814814814814 0.058333333333333334 0.03796296296296296
2 0.7455729166666667 0.6736111111111112 0.030729166666666665 0.028703703703703703
2 0.6916666666666667 0.6810185185185185 0.04375 0.025
2 0.5861979166666667 0.6935185185185185 0.033854166666666664 0.03518518518518519
2 0.62578125 0.7129629629629629 0.05572916666666667 0.037037037037037035
2 0.94296875 0.6675925925925926 0.0546875 0.040740740740740744
2 0.8690104166666667 0.7347222222222223 0.08385416666666666 0.05277777777777778
2 0.8541666666666666 0.6888888888888889 0.05416666666666667 0.040740740740740744
2 0.8908854166666667 0.7138888888888889 0.07135416666666666 0.05
2 0.303125 0.6763888888888889 0.026041666666666668 0.03981481481481482
2 0.5252604166666667 0.6902777777777778 0.027604166666666666 0.032407407407407406
2 0.4466145833333333 0.6768518518518518 0.0359375 0.046296296296296294
2 0.390625 0.6699074074074074 0.01875 0.026851851851851852
2 0.3458333333333333 0.6726851851851852 0.027083333333333334 0.030555555555555555
2 0.45651041666666664 0.7217592592592592 0.03802083333333333 0.03796296296296296
2 0.42942708333333335 0.7097222222222223 0.027604166666666666 0.032407407407407406
2 0.18255208333333334 0.6805555555555556 0.021354166666666667 0.020370370370370372
2 0.10833333333333334 0.6787037037037037 0.030208333333333334 0.016666666666666666
2 0.3346354166666667 0.7078703703703704 0.049479166666666664 0.049074074074074076
3 0.5481770833333334 0.8310185185185185 0.019270833333333334 0.017592592592592594
2 0.1546875 0.6810185185185185 0.025 0.026851851851851852
2 0.5338541666666666 0.6694444444444444 0.030208333333333334 0.04259259259259259