2 0.054427083333333334 0.8462962962962963 0.1078125 0.07222222222222222
2 0.036458333333333336 0.7425925925925926 0.05520833333333333 0.046296296296296294
2 0.026302083333333334 0.7143518518518519 0.0390625 0.025
2 0.07109375 0.7291666666666666 0.0484375 0.028703703703703703
2 0.12708333333333333 0.7375 0.0375 0.03611111111111111
2 0.09270833333333334 0.7638888888888888 0.0625 0.046296296296296294
2 0.16536458333333334 0.8314814814814815 0.1109375 0.07407407407407407
2 0.15625 0.7912037037037037 0.09895833333333333 0.05462962962962963
2 0.15338541666666666 0.7625 0.06197916666666667 0.032407407407407406
2 0.16770833333333332 0.7435185185185185 0.0375 0.022222222222222223
2 0.22369791666666666 0.7490740740740741 0.0453125 0.027777777777777776
2 0.334375 0.7643518518518518 0.029166666666666667 0.017592592592592594
2 0.2518229166666667 0.7726851851851851 0.050520833333333334 0.023148148148148147
2 0.25338541666666664 0.7967592592592593 0.0765625 0.04351851851851852
2 0.7036458333333333 0.8675925925925926 0.058333333333333334 0.040740740740740744
2 0.39296875 0.8402777777777778 0.0390625 0.021296296296296296
2 0.36171875 0.7962962962962963 0.0421875 0.03148148148148148
2 0.39401041666666664 0.8078703703703703 0.030729166666666665 0.026851851851851852
2 0.43307291666666664 0.8189814814814815 0.03697916666666667 0.028703703703703703
2 0.46822916666666664 0.8328703703703704 0.04895833333333333 0.03611111111111111
2 0.5184895833333333 0.8495370370370371 0.0546875 0.032407407407407406
2 0.5723958333333333 0.8518518518518519 0.058333333333333334 0.037037037037037035
2 0.5861979166666667 0.8356481481481481 0.05364583333333333 0.03425925925925926
8 0.8315104166666667 0.8472222222222222 0.24322916666666666 0.10555555555555556