3 0.30911458333333336 0.7337962962962963 0.0265625 0.04351851851851852
3 0.3763020833333333 0.6949074074074074 0.013020833333333334 0.025
1 0.56796875 0.6134259259259259 0.0953125 0.06944444444444445
2 0.5986979166666667 0.6694444444444444 0.0921875 0.04259259259259259
2 0.27682291666666664 0.6333333333333333 0.0328125 0.03148148148148148
2 0.22473958333333333 0.6370370370370371 0.0328125 0.03518518518518519
3 0.7182291666666667 0.7583333333333333 0.022916666666666665 0.040740740740740744
3 0.6947916666666667 0.7620370370370371 0.019791666666666666 0.02962962962962963
3 0.56484375 0.7356481481481482 0.021354166666666667 0.030555555555555555
3 0.5817708333333333 0.7319444444444444 0.022916666666666665 0.032407407407407406
3 0.44375 0.7222222222222222 0.017708333333333333 0.02962962962962963
3 0.64921875 0.7097222222222223 0.0171875 0.03425925925925926
3 0.6627604166666666 0.711574074074074 0.0109375 0.03425925925925926
3 0.6 0.7328703703703704 0.017708333333333333 0.03981481481481482
3 0.9109375 0.7462962962962963 0.03229166666666667 0.044444444444444446