3 0.09609375 0.7805555555555556 0.0234375 0.027777777777777776
3 0.12083333333333333 0.7907407407407407 0.01875 0.024074074074074074
3 0.49713541666666666 0.8027777777777778 0.022395833333333334 0.020370370370370372
3 0.8598958333333333 0.7851851851851852 0.01875 0.024074074074074074
3 0.6229166666666667 0.7458333333333333 0.01875 0.01574074074074074
2 0.057291666666666664 0.6754629629629629 0.11354166666666667 0.0787037037037037
2 0.20572916666666666 0.6962962962962963 0.10625 0.04259259259259259
2 0.7877604166666666 0.6875 0.0921875 0.09537037037037037
2 0.9760416666666667 0.7550925925925925 0.04791666666666667 0.075
7 0.39375 0.6944444444444444 0.025 0.024074074074074074
7 0.70859375 0.6930555555555555 0.024479166666666666 0.03425925925925926