2 0.08515625 0.49675925925925923 0.16927083333333334 0.07685185185185185
2 0.26848958333333334 0.4888888888888889 0.1734375 0.07777777777777778
2 0.4661458333333333 0.5212962962962963 0.22916666666666666 0.15925925925925927
2 0.5361979166666667 0.7 0.21614583333333334 0.16666666666666666
2 0.7591145833333334 0.8189814814814815 0.18802083333333333 0.21388888888888888
2 0.18958333333333333 0.6949074074074074 0.19583333333333333 0.18796296296296297
2 0.29713541666666665 0.8310185185185185 0.25885416666666666 0.22685185185185186
2 0.9067708333333333 0.5388888888888889 0.18645833333333334 0.11666666666666667
7 0.27786458333333336 0.2513888888888889 0.05677083333333333 0.03981481481481482
4 0.24635416666666668 0.27314814814814814 0.016666666666666666 0.02962962962962963
3 0.009895833333333333 0.6412037037037037 0.01875 0.03611111111111111