2 0.09427083333333333 0.5361111111111111 0.03125 0.03148148148148148
2 0.15494791666666666 0.6092592592592593 0.044270833333333336 0.06481481481481481
2 0.035416666666666666 0.5148148148148148 0.027083333333333334 0.044444444444444446
2 0.22083333333333333 0.524074074074074 0.051041666666666666 0.02962962962962963
2 0.24166666666666667 0.5375 0.03125 0.019444444444444445
2 0.296875 0.5300925925925926 0.040625 0.028703703703703703
2 0.32473958333333336 0.5856481481481481 0.03802083333333333 0.032407407407407406
2 0.3671875 0.5393518518518519 0.040625 0.026851851851851852
2 0.3880208333333333 0.5606481481481481 0.03229166666666667 0.032407407407407406
2 0.41848958333333336 0.5162037037037037 0.025520833333333333 0.028703703703703703
2 0.48046875 0.5305555555555556 0.034895833333333334 0.03333333333333333
2 0.4466145833333333 0.5263888888888889 0.0328125 0.025
2 0.46041666666666664 0.5541666666666667 0.035416666666666666 0.030555555555555555
2 0.4822916666666667 0.5810185185185185 0.034375 0.049074074074074076
2 0.5184895833333333 0.562962962962963 0.04739583333333333 0.037037037037037035
2 0.5309895833333333 0.5337962962962963 0.0328125 0.025
2 0.5729166666666666 0.5337962962962963 0.022916666666666665 0.025
2 0.5947916666666667 0.5462962962962963 0.029166666666666667 0.020370370370370372
2 0.6403645833333333 0.5407407407407407 0.0421875 0.03333333333333333
2 0.69609375 0.5583333333333333 0.0390625 0.053703703703703705
2 0.73984375 0.5824074074074074 0.0484375 0.05555555555555555
2 0.8515625 0.586574074074074 0.041666666666666664 0.058333333333333334
2 0.8903645833333333 0.575462962962963 0.0328125 0.041666666666666664
7 0.09609375 0.48564814814814816 0.034895833333333334 0.04351851851851852
4 0.6114583333333333 0.5930555555555556 0.03125 0.028703703703703703