3 0.06875 0.6981481481481482 0.016666666666666666 0.020370370370370372
3 0.012239583333333333 0.7018518518518518 0.015104166666666667 0.024074074074074074
3 0.1265625 0.6967592592592593 0.0125 0.021296296296296296
3 0.184375 0.6958333333333333 0.014583333333333334 0.025
3 0.24140625 0.6967592592592593 0.0203125 0.026851851851851852
3 0.2947916666666667 0.6944444444444444 0.011458333333333333 0.025925925925925925
3 0.35052083333333334 0.6949074074074074 0.0125 0.030555555555555555
3 0.40260416666666665 0.6916666666666667 0.014583333333333334 0.024074074074074074
3 0.45989583333333334 0.6921296296296297 0.016666666666666666 0.028703703703703703
3 0.5080729166666667 0.6888888888888889 0.013020833333333334 0.02962962962962963
8 0.11588541666666667 0.6305555555555555 0.23072916666666668 0.053703703703703705