5 0.11875 0.5949074074074074 0.078125 0.05092592592592592
5 0.18958333333333333 0.5828703703703704 0.052083333333333336 0.04722222222222222
5 0.15078125 0.6865740740740741 0.0484375 0.032407407407407406
5 0.21979166666666666 0.687962962962963 0.05 0.040740740740740744
5 0.3221354166666667 0.6648148148148149 0.04010416666666667 0.03518518518518519
5 0.28359375 0.5953703703703703 0.0359375 0.02962962962962963
5 0.33984375 0.5949074074074074 0.033854166666666664 0.032407407407407406
5 0.38177083333333334 0.624537037037037 0.04583333333333333 0.028703703703703703
5 0.4596354166666667 0.5981481481481481 0.03177083333333333 0.024074074074074074
5 0.0609375 0.5027777777777778 0.035416666666666666 0.024074074074074074
5 0.14791666666666667 0.5041666666666667 0.07916666666666666 0.026851851851851852
5 0.4484375 0.5078703703703704 0.036458333333333336 0.021296296296296296
5 0.3658854166666667 0.513425925925926 0.04739583333333333 0.030555555555555555
5 0.48151041666666666 0.5092592592592593 0.033854166666666664 0.022222222222222223
5 0.5260416666666666 0.5162037037037037 0.026041666666666668 0.025
5 0.6388020833333333 0.5097222222222222 0.1703125 0.03796296296296296
5 0.9114583333333334 0.5217592592592593 0.021875 0.025
5 0.7518229166666667 0.5203703703703704 0.015104166666666667 0.024074074074074074
5 0.80078125 0.5203703703703704 0.0234375 0.018518518518518517