3 0.8895833333333333 0.7583333333333333 0.015625 0.022222222222222223
3 0.95546875 0.7685185185185185 0.015104166666666667 0.022222222222222223
3 0.9776041666666667 0.7717592592592593 0.010416666666666666 0.012037037037037037
3 0.7395833333333334 0.7578703703703704 0.013541666666666667 0.01574074074074074
3 0.64296875 0.7620370370370371 0.018229166666666668 0.022222222222222223
3 0.53671875 0.7763888888888889 0.011979166666666667 0.017592592592592594
2 0.05625 0.7870370370370371 0.057291666666666664 0.020370370370370372
2 0.02734375 0.7680555555555556 0.0296875 0.030555555555555555
1 0.16927083333333334 0.7523148148148148 0.03854166666666667 0.04537037037037037
2 0.20989583333333334 0.7555555555555555 0.04375 0.05185185185185185
2 0.30182291666666666 0.7527777777777778 0.0234375 0.012962962962962963
1 0.50078125 0.7231481481481481 0.05572916666666667 0.04259259259259259
2 0.4473958333333333 0.736574074074074 0.029166666666666667 0.021296296296296296