2 0.4234375 0.8564814814814815 0.10416666666666667 0.04814814814814815
2 0.4859375 0.8356481481481481 0.029166666666666667 0.03425925925925926
2 0.5171875 0.8175925925925925 0.04895833333333333 0.022222222222222223
2 0.56875 0.7972222222222223 0.03854166666666667 0.02962962962962963
7 0.6122395833333333 0.7782407407407408 0.050520833333333334 0.041666666666666664
2 0.6552083333333333 0.7856481481481481 0.028125 0.017592592592592594
2 0.9015625 0.7523148148148148 0.05625 0.01574074074074074
2 0.9768229166666667 0.7310185185185185 0.0171875 0.021296296296296296
9 0.04348958333333333 0.6981481481481482 0.03177083333333333 0.2537037037037037
9 0.07864583333333333 0.7300925925925926 0.027083333333333334 0.18981481481481483
13 0.40572916666666664 0.8157407407407408 0.027083333333333334 0.06296296296296296
13 0.4395833333333333 0.8004629629629629 0.017708333333333333 0.07685185185185185
13 0.47630208333333335 0.8055555555555556 0.019270833333333334 0.05
13 0.503125 0.799537037037037 0.011458333333333333 0.026851851851851852
13 0.51875 0.7967592592592593 0.017708333333333333 0.03611111111111111
13 0.5640625 0.7754629629629629 0.015625 0.03425925925925926
13 0.65234375 0.7685185185185185 0.016145833333333335 0.044444444444444446