2 0.06171875 0.2847222222222222 0.08489583333333334 0.032407407407407406
2 0.10598958333333333 0.274537037037037 0.05677083333333333 0.03425925925925926
2 0.21927083333333333 0.2773148148148148 0.07916666666666666 0.032407407407407406
2 0.36432291666666666 0.274537037037037 0.0546875 0.03796296296296296
2 0.42682291666666666 0.2587962962962963 0.08697916666666666 0.028703703703703703
2 0.50546875 0.2675925925925926 0.0765625 0.03888888888888889
2 0.48671875 0.30092592592592593 0.12552083333333333 0.03148148148148148
2 0.6653645833333334 0.2652777777777778 0.1078125 0.03425925925925926
2 0.69375 0.19166666666666668 0.22916666666666666 0.13703703703703704
2 0.8546875 0.18055555555555555 0.15104166666666666 0.1
2 0.853125 0.25 0.11041666666666666 0.05185185185185185
4 0.11067708333333333 0.44027777777777777 0.0515625 0.026851851851851852