5 0.061197916666666664 0.9074074074074074 0.07760416666666667 0.040740740740740744
5 0.14296875 0.9 0.05364583333333333 0.05740740740740741
5 0.2994791666666667 0.9157407407407407 0.030208333333333334 0.025925925925925925
5 0.24244791666666668 0.9254629629629629 0.050520833333333334 0.03611111111111111
5 0.33932291666666664 0.9416666666666667 0.05260416666666667 0.03148148148148148
5 0.43828125 0.9342592592592592 0.05364583333333333 0.046296296296296294
5 0.019010416666666665 0.8180555555555555 0.03697916666666667 0.017592592592592594
5 0.10052083333333334 0.8236111111111111 0.08645833333333333 0.017592592592592594
5 0.32369791666666664 0.837037037037037 0.03177083333333333 0.018518518518518517
5 0.4125 0.8337962962962963 0.03854166666666667 0.028703703703703703
5 0.44427083333333334 0.8351851851851851 0.04375 0.020370370370370372
5 0.4890625 0.8388888888888889 0.03333333333333333 0.018518518518518517
5 0.5971354166666667 0.8347222222222223 0.1734375 0.026851851851851852
5 0.7166666666666667 0.8398148148148148 0.026041666666666668 0.020370370370370372
5 0.76171875 0.8393518518518519 0.0234375 0.017592592592592594
5 0.8747395833333333 0.8384259259259259 0.022395833333333334 0.023148148148148147