3 0.3265625 0.950925925925926 0.03958333333333333 0.046296296296296294
2 0.22708333333333333 0.7819444444444444 0.16458333333333333 0.10092592592592593
3 0.34322916666666664 0.7939814814814815 0.010416666666666666 0.017592592592592594
2 0.4453125 0.7268518518518519 0.18541666666666667 0.08518518518518518
2 0.35494791666666664 0.6958333333333333 0.12447916666666667 0.075
2 0.35625 0.6314814814814815 0.035416666666666666 0.04259259259259259
2 0.4270833333333333 0.6231481481481481 0.04375 0.02962962962962963
2 0.6278645833333333 0.5958333333333333 0.09427083333333333 0.06574074074074074
2 0.5658854166666667 0.6643518518518519 0.1296875 0.06388888888888888
2 0.7619791666666667 0.6736111111111112 0.18020833333333333 0.09351851851851851
2 0.9127604166666666 0.7185185185185186 0.1671875 0.15
2 0.734375 0.5796296296296296 0.09479166666666666 0.07407407407407407
2 0.8528645833333334 0.5680555555555555 0.1015625 0.06018518518518518
2 0.91015625 0.5736111111111111 0.10572916666666667 0.06944444444444445