2 0.03046875 0.7717592592592593 0.059895833333333336 0.09351851851851851
2 0.13203125 0.7175925925925926 0.1265625 0.09444444444444444
2 0.24791666666666667 0.774537037037037 0.10520833333333333 0.09351851851851851
3 0.3177083333333333 0.8787037037037037 0.028125 0.03333333333333333
2 0.5565104166666667 0.8263888888888888 0.09739583333333333 0.10277777777777777
2 0.66796875 0.9009259259259259 0.1140625 0.1111111111111111
2 0.8424479166666666 0.9069444444444444 0.10260416666666666 0.08981481481481482
2 0.7283854166666667 0.8472222222222222 0.1171875 0.10740740740740741
2 0.42864583333333334 0.6731481481481482 0.08958333333333333 0.08518518518518518
2 0.5231770833333333 0.7134259259259259 0.0765625 0.06388888888888888
2 0.709375 0.7513888888888889 0.18125 0.10092592592592593
2 0.9088541666666666 0.7972222222222223 0.146875 0.06851851851851852