8 0.22395833333333334 0.6527777777777778 0.446875 0.040740740740740744
3 0.02890625 0.7277777777777777 0.013020833333333334 0.014814814814814815
3 0.08619791666666667 0.725 0.011979166666666667 0.011111111111111112
3 0.14505208333333333 0.725 0.009895833333333333 0.014814814814814815
3 0.20625 0.725462962962963 0.013541666666666667 0.01574074074074074
3 0.26640625 0.7222222222222222 0.011979166666666667 0.012962962962962963
3 0.3299479166666667 0.7194444444444444 0.016145833333333335 0.012962962962962963
3 0.3924479166666667 0.7175925925925926 0.015104166666666667 0.014814814814814815
3 0.4544270833333333 0.7143518518518519 0.015104166666666667 0.01574074074074074
3 0.51796875 0.7129629629629629 0.015104166666666667 0.012962962962962963
3 0.5830729166666667 0.7083333333333334 0.009895833333333333 0.016666666666666666
3 0.64453125 0.7050925925925926 0.011979166666666667 0.019444444444444445
3 0.8255208333333334 0.6907407407407408 0.0125 0.018518518518518517
3 0.8833333333333333 0.6861111111111111 0.013541666666666667 0.012962962962962963
3 0.7658854166666667 0.6962962962962963 0.013020833333333334 0.020370370370370372