2 0.13125 0.7268518518518519 0.035416666666666666 0.03148148148148148
2 0.5697916666666667 0.7305555555555555 0.11770833333333333 0.044444444444444446
2 0.8432291666666667 0.7888888888888889 0.13645833333333332 0.046296296296296294
3 0.9541666666666667 0.7902777777777777 0.014583333333333334 0.019444444444444445
3 0.3885416666666667 0.8222222222222222 0.013541666666666667 0.018518518518518517
3 0.7322916666666667 0.9365740740740741 0.026041666666666668 0.03425925925925926
3 0.60546875 0.9087962962962963 0.015104166666666667 0.026851851851851852
3 0.36484375 0.8101851851851852 0.0109375 0.014814814814814815
3 0.34036458333333336 0.7773148148148148 0.0109375 0.010185185185185186
3 0.3424479166666667 0.7921296296296296 0.008854166666666666 0.012037037037037037
3 0.3567708333333333 0.7967592592592593 0.014583333333333334 0.019444444444444445
3 0.67109375 0.7685185185185185 0.008854166666666666 0.016666666666666666
3 0.68671875 0.7694444444444445 0.015104166666666667 0.024074074074074074