2 0.8893229166666666 0.6773148148148148 0.22135416666666666 0.11944444444444445
2 0.21588541666666666 0.6407407407407407 0.07447916666666667 0.018518518518518517
2 0.35989583333333336 0.649074074074074 0.08229166666666667 0.025925925925925925
2 0.4671875 0.6560185185185186 0.08854166666666667 0.021296296296296296
2 0.6044270833333333 0.6569444444444444 0.0859375 0.019444444444444445
2 0.6471354166666666 0.6375 0.0609375 0.032407407407407406
2 0.5330729166666667 0.6462962962962963 0.07135416666666666 0.020370370370370372
3 0.76953125 0.7342592592592593 0.019270833333333334 0.024074074074074074
5 0.06875 0.5986111111111111 0.13645833333333332 0.05277777777777778
2 0.94296875 0.6504629629629629 0.06197916666666667 0.03796296296296296
2 0.7765625 0.6578703703703703 0.06354166666666666 0.032407407407407406