9 0.08020833333333334 0.43425925925925923 0.008333333333333333 0.08148148148148149
1 0.528125 0.449537037037037 0.05520833333333333 0.04722222222222222
2 0.3703125 0.4597222222222222 0.04479166666666667 0.019444444444444445
2 0.4635416666666667 0.4513888888888889 0.022916666666666665 0.019444444444444445
2 0.196875 0.4736111111111111 0.021875 0.01574074074074074
3 0.7377604166666667 0.5259259259259259 0.018229166666666668 0.020370370370370372
3 0.81484375 0.5 0.0078125 0.020370370370370372
3 0.8838541666666667 0.5208333333333334 0.009375 0.013888888888888888
3 0.6 0.5305555555555556 0.0125 0.018518518518518517
3 0.53671875 0.5185185185185185 0.013020833333333334 0.018518518518518517
3 0.42916666666666664 0.5152777777777777 0.013541666666666667 0.013888888888888888
3 0.26510416666666664 0.5115740740740741 0.0125 0.019444444444444445
3 0.2921875 0.5097222222222222 0.011458333333333333 0.017592592592592594