2 0.11666666666666667 0.6416666666666667 0.06875 0.22777777777777777
2 0.57421875 0.6662037037037037 0.027604166666666666 0.14722222222222223
2 0.5513020833333333 0.6615740740740741 0.019270833333333334 0.15648148148148147
5 0.049479166666666664 0.7134259259259259 0.035416666666666666 0.019444444444444445
2 0.45989583333333334 0.6935185185185185 0.015625 0.07222222222222222
5 0.42552083333333335 0.712037037037037 0.035416666666666666 0.011111111111111112
5 0.86328125 0.7037037037037037 0.0265625 0.014814814814814815
5 0.7526041666666666 0.700925925925926 0.042708333333333334 0.020370370370370372
5 0.51328125 0.7074074074074074 0.05572916666666667 0.024074074074074074
5 0.6419270833333334 0.7046296296296296 0.13385416666666666 0.02962962962962963
5 0.19401041666666666 0.7134259259259259 0.0859375 0.019444444444444445