2 0.28098958333333335 0.8268518518518518 0.0390625 0.024074074074074074
2 0.3859375 0.8162037037037037 0.01875 0.023148148148148147
2 0.553125 0.7976851851851852 0.025 0.023148148148148147
2 0.6328125 0.788425925925926 0.023958333333333335 0.021296296296296296
2 0.821875 0.7569444444444444 0.019791666666666666 0.021296296296296296
7 0.14427083333333332 0.8143518518518519 0.029166666666666667 0.021296296296296296
3 0.08828125 0.950925925925926 0.021354166666666667 0.025925925925925925
3 0.10208333333333333 0.9342592592592592 0.023958333333333335 0.02962962962962963
3 0.14895833333333333 0.9060185185185186 0.015625 0.032407407407407406
3 0.1609375 0.899074074074074 0.019791666666666666 0.02962962962962963
3 0.17708333333333334 0.8898148148148148 0.019791666666666666 0.022222222222222223