2 0.28203125 0.6560185185185186 0.0671875 0.2212962962962963
2 0.7682291666666666 0.6671296296296296 0.0375 0.1712962962962963
2 0.7953125 0.663425925925926 0.035416666666666666 0.1638888888888889
5 0.21536458333333333 0.7222222222222222 0.06302083333333333 0.018518518518518517
5 0.33828125 0.7189814814814814 0.03697916666666667 0.01574074074074074
5 0.9200520833333333 0.7060185185185185 0.13177083333333334 0.023148148148148147
5 0.7927083333333333 0.7018518518518518 0.10208333333333333 0.025925925925925925
2 0.7221354166666667 0.7023148148148148 0.016145833333333335 0.06388888888888888
5 0.40651041666666665 0.7189814814814814 0.021354166666666667 0.013888888888888888
5 0.4671875 0.7217592592592592 0.06979166666666667 0.013888888888888888
5 0.7026041666666667 0.7166666666666667 0.040625 0.012962962962962963