3 0.9559895833333333 0.7296296296296296 0.013020833333333334 0.024074074074074074
3 0.90234375 0.7226851851851852 0.011979166666666667 0.021296296296296296
3 0.8473958333333333 0.7194444444444444 0.013541666666666667 0.014814814814814815
3 0.796875 0.7199074074074074 0.009375 0.019444444444444445
3 0.7484375 0.7162037037037037 0.013541666666666667 0.012037037037037037
3 0.7098958333333333 0.7134259259259259 0.008333333333333333 0.017592592592592594
3 0.66796875 0.7125 0.009895833333333333 0.017592592592592594
3 0.6229166666666667 0.7092592592592593 0.009375 0.020370370370370372
3 0.55625 0.7041666666666667 0.009375 0.013888888888888888
3 0.5177083333333333 0.7027777777777777 0.011458333333333333 0.014814814814814815
3 0.48515625 0.7 0.0109375 0.012962962962962963
3 0.45286458333333335 0.6958333333333333 0.011979166666666667 0.017592592592592594
3 0.42109375 0.6939814814814815 0.009895833333333333 0.01574074074074074
3 0.3924479166666667 0.6893518518518519 0.0109375 0.01574074074074074
3 0.36875 0.6851851851851852 0.011458333333333333 0.016666666666666666
3 0.33984375 0.6828703703703703 0.009895833333333333 0.01574074074074074
3 0.3143229166666667 0.6796296296296296 0.011979166666666667 0.014814814814814815
1 0.6744791666666666 0.6518518518518519 0.030208333333333334 0.024074074074074074
4 0.8807291666666667 0.6601851851851852 0.020833333333333332 0.022222222222222223
4 0.8505208333333333 0.6583333333333333 0.021875 0.016666666666666666
4 0.82734375 0.6592592592592592 0.0265625 0.016666666666666666
4 0.8026041666666667 0.6569444444444444 0.020833333333333332 0.01574074074074074
4 0.78359375 0.6592592592592592 0.009895833333333333 0.018518518518518517
4 0.7606770833333333 0.6564814814814814 0.013020833333333334 0.011111111111111112