2 0.28880208333333335 0.6666666666666666 0.0546875 0.07222222222222222
2 0.20677083333333332 0.6337962962962963 0.040625 0.06388888888888888
2 0.06796875 0.6268518518518519 0.06822916666666666 0.037037037037037035
2 0.0140625 0.6037037037037037 0.027083333333333334 0.05555555555555555
2 0.03411458333333333 0.5777777777777777 0.0203125 0.02962962962962963
2 0.2140625 0.5828703703703704 0.03854166666666667 0.032407407407407406
2 0.28854166666666664 0.5819444444444445 0.029166666666666667 0.04722222222222222
2 0.4822916666666667 0.5763888888888888 0.05416666666666667 0.04722222222222222
2 0.42161458333333335 0.5458333333333333 0.024479166666666666 0.032407407407407406
2 0.5447916666666667 0.624537037037037 0.04583333333333333 0.07314814814814814
2 0.6127604166666667 0.5365740740740741 0.0640625 0.062037037037037036
2 0.6822916666666666 0.5296296296296297 0.035416666666666666 0.03888888888888889
2 0.7059895833333333 0.5814814814814815 0.0421875 0.02962962962962963
2 0.7565104166666666 0.5481481481481482 0.059895833333333336 0.044444444444444446
2 0.8184895833333333 0.5115740740740741 0.04635416666666667 0.041666666666666664
2 0.8723958333333334 0.562037037037037 0.03125 0.027777777777777776
2 0.84609375 0.5435185185185185 0.034895833333333334 0.03518518518518519
2 0.9015625 0.5472222222222223 0.053125 0.044444444444444446
2 0.9197916666666667 0.5087962962962963 0.042708333333333334 0.041666666666666664
2 0.9653645833333333 0.5087962962962963 0.0265625 0.025
2 0.98984375 0.5263888888888889 0.0203125 0.032407407407407406
7 0.4828125 0.5226851851851851 0.03125 0.04351851851851852