2 0.19114583333333332 0.6412037037037037 0.11979166666666667 0.062037037037037036
2 0.0453125 0.6143518518518518 0.08958333333333333 0.06574074074074074
2 0.9078125 0.6472222222222223 0.15 0.11296296296296296
7 0.4484375 0.6342592592592593 0.027083333333333334 0.03148148148148148
2 0.5885416666666666 0.6555555555555556 0.042708333333333334 0.024074074074074074
3 0.0484375 0.7555555555555555 0.017708333333333333 0.020370370370370372
3 0.019010416666666665 0.7472222222222222 0.019270833333333334 0.024074074074074074
3 0.44166666666666665 0.774537037037037 0.01875 0.019444444444444445
3 0.6609375 0.7143518518518519 0.013541666666666667 0.021296296296296296
3 0.8471354166666667 0.7787037037037037 0.021354166666666667 0.02962962962962963
3 0.7921875 0.6680555555555555 0.01875 0.013888888888888888