9 0.043229166666666666 0.7064814814814815 0.0375 0.23703703703703705
9 0.07942708333333333 0.7388888888888889 0.034895833333333334 0.1685185185185185
2 0.43515625 0.8694444444444445 0.0921875 0.06111111111111111
2 0.49947916666666664 0.8356481481481481 0.0625 0.028703703703703703
2 0.5380208333333333 0.8314814814814815 0.03229166666666667 0.027777777777777776
2 0.5747395833333333 0.8203703703703704 0.0421875 0.020370370370370372
2 0.6625 0.8101851851851852 0.03125 0.025925925925925925
7 0.6208333333333333 0.7972222222222223 0.05 0.040740740740740744
13 0.4315104166666667 0.8208333333333333 0.024479166666666666 0.06759259259259259
13 0.48854166666666665 0.8023148148148148 0.0125 0.05092592592592592
13 0.6635416666666667 0.7865740740740741 0.011458333333333333 0.03796296296296296
13 0.5786458333333333 0.8023148148148148 0.010416666666666666 0.025
2 0.3294270833333333 0.8092592592592592 0.034895833333333334 0.018518518518518517
2 0.3653645833333333 0.8055555555555556 0.03697916666666667 0.016666666666666666
2 0.9192708333333334 0.7643518518518518 0.05520833333333333 0.025