2 0.06953125 0.6930555555555555 0.06822916666666666 0.026851851851851852
2 0.16458333333333333 0.6810185185185185 0.052083333333333336 0.019444444444444445
2 0.18958333333333333 0.687037037037037 0.04791666666666667 0.022222222222222223
1 0.31145833333333334 0.6638888888888889 0.042708333333333334 0.044444444444444446
1 0.71640625 0.6412037037037037 0.1703125 0.09907407407407408
1 0.94296875 0.6287037037037037 0.06510416666666667 0.03333333333333333
2 0.8841145833333334 0.6449074074074074 0.03802083333333333 0.017592592592592594
2 0.9809895833333333 0.6398148148148148 0.03802083333333333 0.020370370370370372
9 0.022395833333333334 0.6393518518518518 0.010416666666666666 0.07314814814814814
9 0.038802083333333334 0.6458333333333334 0.016145833333333335 0.0712962962962963
9 0.11380208333333333 0.6333333333333333 0.009895833333333333 0.10185185185185185
9 0.13463541666666667 0.6300925925925925 0.008854166666666666 0.10277777777777777
9 0.14401041666666667 0.6342592592592593 0.008854166666666666 0.10925925925925926