1 0.42578125 0.5550925925925926 0.043229166666666666 0.09166666666666666
3 0.40338541666666666 0.7125 0.027604166666666666 0.03425925925925926
3 0.36692708333333335 0.7810185185185186 0.034895833333333334 0.058333333333333334
2 0.5296875 0.7416666666666667 0.17708333333333334 0.14444444444444443
13 0.55859375 0.6921296296296297 0.0234375 0.06759259259259259
13 0.5596354166666667 0.7393518518518518 0.022395833333333334 0.04351851851851852
13 0.53046875 0.7319444444444444 0.0296875 0.07314814814814814
2 0.8231770833333333 0.888425925925926 0.1015625 0.07685185185185185
2 0.6921875 0.8087962962962963 0.08854166666666667 0.09537037037037037
8 0.7888020833333333 0.7736111111111111 0.17447916666666666 0.2657407407407407
13 0.728125 0.6912037037037037 0.020833333333333332 0.11388888888888889
1 0.6348958333333333 0.5560185185185185 0.15833333333333333 0.3416666666666667