2 0.1109375 0.8300925925925926 0.22083333333333333 0.10833333333333334
2 0.23385416666666667 0.8027777777777778 0.11979166666666667 0.08148148148148149
1 0.10494791666666667 0.7185185185185186 0.08385416666666666 0.04814814814814815
1 0.16197916666666667 0.7101851851851851 0.05520833333333333 0.040740740740740744
1 0.47421875 0.687037037037037 0.05364583333333333 0.03518518518518519
1 0.2825520833333333 0.7064814814814815 0.0546875 0.03148148148148148
9 0.7559895833333333 0.43796296296296294 0.08072916666666667 0.5833333333333334
9 0.8966145833333333 0.45601851851851855 0.06614583333333333 0.5472222222222223
9 0.7270833333333333 0.5370370370370371 0.04791666666666667 0.3648148148148148
9 0.6614583333333334 0.5398148148148149 0.036458333333333336 0.3351851851851852
9 0.6453125 0.5791666666666667 0.026041666666666668 0.262037037037037
9 0.5911458333333334 0.6791666666666667 0.009375 0.13055555555555556