3 0.8989583333333333 0.5296296296296297 0.022916666666666665 0.03518518518518519
3 0.0890625 0.5097222222222222 0.019791666666666666 0.028703703703703703
3 0.4973958333333333 0.4449074074074074 0.029166666666666667 0.03425925925925926
3 0.5908854166666667 0.29583333333333334 0.0140625 0.026851851851851852
2 0.12135416666666667 0.32083333333333336 0.08125 0.09166666666666666
2 0.22473958333333333 0.3962962962962963 0.14114583333333333 0.09444444444444444
2 0.50703125 0.31157407407407406 0.10052083333333334 0.08055555555555556
2 0.6111979166666667 0.43287037037037035 0.17552083333333332 0.14166666666666666
2 0.6971354166666667 0.2884259259259259 0.1140625 0.08611111111111111
2 0.9713541666666666 0.5120370370370371 0.057291666666666664 0.12777777777777777
2 0.9734375 0.3592592592592593 0.053125 0.11851851851851852
2 0.17369791666666667 0.5148148148148148 0.12552083333333333 0.07037037037037037