2 0.24036458333333333 0.5787037037037037 0.05677083333333333 0.05185185185185185
2 0.3572916666666667 0.5824074074074074 0.051041666666666666 0.05555555555555555
2 0.39479166666666665 0.5481481481481482 0.03229166666666667 0.02962962962962963
2 0.42291666666666666 0.5689814814814815 0.052083333333333336 0.04537037037037037
2 0.4591145833333333 0.5430555555555555 0.04739583333333333 0.049074074074074076
2 0.5130208333333334 0.5449074074074074 0.053125 0.04351851851851852
2 0.5614583333333333 0.5671296296296297 0.05 0.04537037037037037
2 0.6635416666666667 0.49537037037037035 0.06770833333333333 0.05555555555555555
2 0.7072916666666667 0.5583333333333333 0.06666666666666667 0.053703703703703705
2 0.6416666666666667 0.5361111111111111 0.03958333333333333 0.03148148148148148
2 0.7973958333333333 0.5 0.03229166666666667 0.03148148148148148
2 0.7973958333333333 0.5416666666666666 0.051041666666666666 0.03518518518518519
2 0.8703125 0.5 0.030208333333333334 0.044444444444444446
2 0.9127604166666666 0.525 0.05364583333333333 0.05925925925925926
2 0.9734375 0.5745370370370371 0.052083333333333336 0.06944444444444445
8 0.49661458333333336 0.4949074074074074 0.1296875 0.05648148148148148