1 0.16119791666666666 0.6763888888888889 0.12864583333333332 0.08611111111111111
2 0.34765625 0.787962962962963 0.2578125 0.11481481481481481
2 0.5291666666666667 0.7305555555555555 0.18125 0.07962962962962963
2 0.953125 0.7458333333333333 0.09375 0.06018518518518518
3 0.5888020833333333 0.8550925925925926 0.019270833333333334 0.023148148148148147
3 0.7309895833333333 0.7791666666666667 0.013020833333333334 0.017592592592592594
9 0.753125 0.6310185185185185 0.022916666666666665 0.1675925925925926
9 0.7778645833333333 0.6097222222222223 0.0234375 0.21203703703703702
9 0.83984375 0.6046296296296296 0.0234375 0.2351851851851852
9 0.8859375 0.5986111111111111 0.03333333333333333 0.25092592592592594
2 0.5078125 0.6962962962962963 0.03125 0.012962962962962963