1 0.6411458333333333 0.45416666666666666 0.196875 0.0824074074074074
2 0.42526041666666664 0.5046296296296297 0.04739583333333333 0.014814814814814815
2 0.09557291666666666 0.5444444444444444 0.05260416666666667 0.024074074074074074
3 0.01171875 0.6435185185185185 0.0171875 0.02962962962962963
3 0.12395833333333334 0.6268518518518519 0.019791666666666666 0.02962962962962963
3 0.22057291666666667 0.6106481481481482 0.0203125 0.025
3 0.38177083333333334 0.5796296296296296 0.015625 0.02962962962962963
3 0.5841145833333333 0.5453703703703704 0.0171875 0.022222222222222223
3 0.6361979166666667 0.5337962962962963 0.013020833333333334 0.021296296296296296
3 0.6822916666666666 0.5226851851851851 0.013541666666666667 0.028703703703703703
3 0.7575520833333333 0.5083333333333333 0.013020833333333334 0.027777777777777776
3 0.7981770833333334 0.49722222222222223 0.018229166666666668 0.03518518518518519
3 0.2786458333333333 0.5703703703703704 0.010416666666666666 0.025925925925925925
3 0.16692708333333334 0.5921296296296297 0.0171875 0.019444444444444445
3 0.0453125 0.6148148148148148 0.014583333333333334 0.020370370370370372
3 0.03567708333333333 0.6023148148148149 0.011979166666666667 0.01574074074074074
3 0.06901041666666667 0.5851851851851851 0.013020833333333334 0.018518518518518517
3 0.22890625 0.5657407407407408 0.0109375 0.018518518518518517
3 0.24427083333333333 0.5638888888888889 0.014583333333333334 0.022222222222222223
3 0.13619791666666667 0.5861111111111111 0.011979166666666667 0.022222222222222223
3 0.39869791666666665 0.55 0.011979166666666667 0.022222222222222223
3 0.45416666666666666 0.538425925925926 0.011458333333333333 0.017592592592592594
3 0.47708333333333336 0.5319444444444444 0.017708333333333333 0.019444444444444445
3 0.49661458333333336 0.5263888888888889 0.015104166666666667 0.025