2 0.42890625 0.8458333333333333 0.0984375 0.04537037037037037
2 0.48932291666666666 0.8212962962962963 0.03177083333333333 0.025925925925925925
2 0.5278645833333333 0.8125 0.03802083333333333 0.028703703703703703
2 0.5697916666666667 0.7944444444444444 0.03854166666666667 0.027777777777777776
7 0.6127604166666667 0.7782407407407408 0.04635416666666667 0.041666666666666664
13 0.41458333333333336 0.7953703703703704 0.027083333333333334 0.06666666666666667
13 0.4395833333333333 0.7828703703703703 0.020833333333333332 0.08055555555555556
13 0.48203125 0.7916666666666666 0.021354166666666667 0.046296296296296294
13 0.5666666666666667 0.7736111111111111 0.013541666666666667 0.030555555555555555
13 0.6536458333333334 0.7652777777777777 0.011458333333333333 0.03425925925925926
9 0.042708333333333334 0.6847222222222222 0.03333333333333333 0.24722222222222223
9 0.07734375 0.712037037037037 0.0359375 0.18888888888888888