2 0.07786458333333333 0.836574074074074 0.0453125 0.026851851851851852
4 0.3606770833333333 0.8398148148148148 0.03177083333333333 0.03518518518518519
1 0.4395833333333333 0.8449074074074074 0.023958333333333335 0.026851851851851852
2 0.55546875 0.8759259259259259 0.024479166666666666 0.018518518518518517
9 0.72734375 0.7870370370370371 0.0203125 0.16666666666666666
9 0.7578125 0.7851851851851852 0.027083333333333334 0.18518518518518517
9 0.7932291666666667 0.7986111111111112 0.021875 0.15462962962962962
9 0.8111979166666666 0.8199074074074074 0.015104166666666667 0.09907407407407408
9 0.8544270833333333 0.8097222222222222 0.0171875 0.11018518518518519
9 0.8893229166666666 0.8134259259259259 0.016145833333333335 0.10648148148148148
9 0.90078125 0.8185185185185185 0.016145833333333335 0.08888888888888889
4 0.9252604166666667 0.8796296296296297 0.14947916666666666 0.05555555555555555