5 0.20364583333333333 0.7523148148148148 0.11458333333333333 0.06388888888888888
5 0.26875 0.913425925925926 0.11145833333333334 0.058333333333333334
5 0.38333333333333336 0.9120370370370371 0.09375 0.05555555555555555
5 0.32760416666666664 0.7449074074074075 0.08645833333333333 0.08425925925925926
5 0.49635416666666665 0.7708333333333334 0.06354166666666666 0.04351851851851852
5 0.5877604166666667 0.7518518518518519 0.05677083333333333 0.05185185185185185
5 0.65390625 0.7953703703703704 0.06197916666666667 0.03888888888888889
5 0.5502604166666667 0.8824074074074074 0.09010416666666667 0.044444444444444446
5 0.8106770833333333 0.7717592592592593 0.0796875 0.03981481481481482
5 0.11119791666666666 0.6074074074074074 0.04739583333333333 0.027777777777777776
7 0.029947916666666668 0.6143518518518518 0.0234375 0.01574074074074074
5 0.25859375 0.6101851851851852 0.1390625 0.024074074074074074
5 0.6205729166666667 0.6157407407407407 0.05364583333333333 0.018518518518518517
5 0.7802083333333333 0.612037037037037 0.065625 0.037037037037037035
5 0.8421875 0.6171296296296296 0.06458333333333334 0.030555555555555555
5 0.9075520833333334 0.6162037037037037 0.0484375 0.023148148148148147
5 0.9486979166666667 0.6148148148148148 0.024479166666666666 0.020370370370370372
5 0.9796875 0.6060185185185185 0.040625 0.03796296296296296