2 0.23020833333333332 0.8060185185185185 0.03958333333333333 0.021296296296296296
2 0.31927083333333334 0.7953703703703704 0.026041666666666668 0.018518518518518517
2 0.46041666666666664 0.7824074074074074 0.023958333333333335 0.018518518518518517
2 0.5369791666666667 0.7773148148148148 0.028125 0.025
3 0.43671875 0.8643518518518518 0.016145833333333335 0.019444444444444445
3 0.4265625 0.8634259259259259 0.014583333333333334 0.023148148148148147
3 0.38125 0.8476851851851852 0.017708333333333333 0.017592592592592594
3 0.3614583333333333 0.8444444444444444 0.013541666666666667 0.016666666666666666
3 0.32447916666666665 0.8375 0.011458333333333333 0.01574074074074074
3 0.10911458333333333 0.9361111111111111 0.025520833333333333 0.022222222222222223
3 0.11145833333333334 0.9032407407407408 0.017708333333333333 0.019444444444444445
3 0.10911458333333333 0.8828703703703704 0.015104166666666667 0.025
3 0.1046875 0.8625 0.013541666666666667 0.019444444444444445
7 0.010677083333333334 0.7949074074074074 0.0203125 0.019444444444444445