2 0.21979166666666666 0.7 0.036458333333333336 0.020370370370370372
4 0.15520833333333334 0.6995370370370371 0.026041666666666668 0.017592592592592594
1 0.63125 0.6810185185185185 0.06458333333333334 0.028703703703703703
3 0.32447916666666665 0.749537037037037 0.011458333333333333 0.019444444444444445
3 0.39739583333333334 0.7509259259259259 0.010416666666666666 0.016666666666666666
3 0.5216145833333333 0.7467592592592592 0.009895833333333333 0.017592592592592594
3 0.5645833333333333 0.7453703703703703 0.0125 0.014814814814814815
3 0.8723958333333334 0.7606481481481482 0.0125 0.019444444444444445
3 0.9572916666666667 0.7509259259259259 0.0125 0.018518518518518517
3 0.6908854166666667 0.7513888888888889 0.013020833333333334 0.019444444444444445
3 0.8338541666666667 0.7393518518518518 0.011458333333333333 0.021296296296296296
3 0.4940104166666667 0.7486111111111111 0.0109375 0.017592592592592594
7 0.13463541666666667 0.6865740740740741 0.015104166666666667 0.017592592592592594