3 0.9213541666666667 0.7601851851851852 0.029166666666666667 0.04259259259259259
3 0.8489583333333334 0.7555555555555555 0.026041666666666668 0.040740740740740744
3 0.7828125 0.7546296296296297 0.022916666666666665 0.046296296296296294
3 0.7322916666666667 0.7564814814814815 0.026041666666666668 0.05
3 0.6703125 0.75 0.022916666666666665 0.044444444444444446
3 0.43125 0.7287037037037037 0.017708333333333333 0.03518518518518519
3 0.4635416666666667 0.7361111111111112 0.013541666666666667 0.03888888888888889
3 0.49895833333333334 0.737037037037037 0.026041666666666668 0.03333333333333333
3 0.5333333333333333 0.7407407407407407 0.023958333333333335 0.040740740740740744
3 0.5734375 0.7435185185185185 0.01875 0.046296296296296294
3 0.6145833333333334 0.7425925925925926 0.026041666666666668 0.044444444444444446