2 0.06458333333333334 0.7967592592592593 0.05 0.013888888888888888
2 0.1796875 0.7592592592592593 0.03854166666666667 0.046296296296296294
1 0.515625 0.7166666666666667 0.059375 0.040740740740740744
2 0.3145833333333333 0.750462962962963 0.025 0.012037037037037037
2 0.45677083333333335 0.7333333333333333 0.019791666666666666 0.016666666666666666
1 0.03671875 0.7763888888888889 0.0296875 0.032407407407407406
4 0.9375 0.7356481481481482 0.014583333333333334 0.025
3 0.7671875 0.749537037037037 0.010416666666666666 0.019444444444444445
3 0.8755208333333333 0.7342592592592593 0.009375 0.018518518518518517
3 0.66796875 0.7606481481481482 0.008854166666666666 0.019444444444444445
3 0.5528645833333333 0.774074074074074 0.013020833333333334 0.016666666666666666
3 0.5013020833333334 0.7768518518518519 0.009895833333333333 0.016666666666666666
1 0.2125 0.7569444444444444 0.03854166666666667 0.03981481481481482