5 0.11744791666666667 0.6657407407407407 0.0828125 0.05740740740740741
5 0.030208333333333334 0.6648148148148149 0.059375 0.05185185185185185
5 0.2830729166666667 0.6898148148148148 0.027604166666666666 0.03148148148148148
5 0.3502604166666667 0.6768518518518518 0.050520833333333334 0.03888888888888889
5 0.42083333333333334 0.725462962962963 0.078125 0.04722222222222222
5 0.059375 0.8300925925925926 0.09479166666666666 0.05277777777777778
5 0.17005208333333333 0.8277777777777777 0.08177083333333333 0.05740740740740741
5 0.33098958333333334 0.7962962962962963 0.05572916666666667 0.05555555555555555
5 0.5627604166666667 0.7027777777777777 0.06822916666666666 0.044444444444444446
5 0.38984375 0.5546296296296296 0.0515625 0.025925925925925925
5 0.5330729166666667 0.5537037037037037 0.0484375 0.027777777777777776
5 0.5703125 0.5564814814814815 0.041666666666666664 0.04814814814814815
5 0.6411458333333333 0.5537037037037037 0.04375 0.027777777777777776
5 0.8291666666666667 0.5527777777777778 0.26666666666666666 0.046296296296296294
5 0.6768229166666667 0.5611111111111111 0.018229166666666668 0.024074074074074074
5 0.05755208333333333 0.5523148148148148 0.1140625 0.021296296296296296