2 0.06041666666666667 0.7314814814814815 0.090625 0.053703703703703705
2 0.3216145833333333 0.7930555555555555 0.13697916666666668 0.075
2 0.44479166666666664 0.7921296296296296 0.084375 0.041666666666666664
2 0.08567708333333333 0.6828703703703703 0.043229166666666666 0.032407407407407406
2 0.13255208333333332 0.6976851851851852 0.04739583333333333 0.032407407407407406
2 0.16171875 0.6763888888888889 0.049479166666666664 0.04351851851851852
2 0.21848958333333332 0.6967592592592593 0.0515625 0.025
2 0.21067708333333332 0.6754629629629629 0.0203125 0.019444444444444445
2 0.29583333333333334 0.687962962962963 0.03125 0.025925925925925925
4 0.22447916666666667 0.7240740740740741 0.030208333333333334 0.020370370370370372
2 0.340625 0.725 0.04583333333333333 0.02962962962962963
2 0.33645833333333336 0.7060185185185185 0.0375 0.01574074074074074
2 0.37421875 0.7087962962962963 0.03177083333333333 0.021296296296296296
2 0.41171875 0.7180555555555556 0.0328125 0.026851851851851852
2 0.44973958333333336 0.7231481481481481 0.03177083333333333 0.022222222222222223
2 0.43072916666666666 0.7388888888888889 0.04583333333333333 0.024074074074074074
2 0.38255208333333335 0.7402777777777778 0.0546875 0.032407407407407406
2 0.49505208333333334 0.7240740740740741 0.04010416666666667 0.025925925925925925
2 0.5192708333333333 0.7425925925925926 0.03854166666666667 0.020370370370370372
2 0.52109375 0.7620370370370371 0.059895833333333336 0.03518518518518519
2 0.5833333333333334 0.7324074074074074 0.01875 0.022222222222222223
2 0.6119791666666666 0.7583333333333333 0.0375 0.024074074074074074
2 0.6411458333333333 0.7958333333333333 0.022916666666666665 0.019444444444444445
2 0.63515625 0.7694444444444445 0.0359375 0.018518518518518517
2 0.69453125 0.7837962962962963 0.04114583333333333 0.026851851851851852
2 0.740625 0.7949074074074074 0.06145833333333333 0.03611111111111111
2 0.7958333333333333 0.7907407407407407 0.06979166666666667 0.044444444444444446
2 0.9091145833333333 0.8111111111111111 0.0515625 0.037037037037037035