5 0.1375 0.6782407407407407 0.11666666666666667 0.06018518518518518
5 0.24817708333333333 0.6680555555555555 0.07864583333333333 0.08055555555555556
5 0.19427083333333334 0.8208333333333333 0.08854166666666667 0.06388888888888888
5 0.5416666666666666 0.7194444444444444 0.057291666666666664 0.040740740740740744
5 0.6942708333333333 0.6981481481481482 0.090625 0.04259259259259259
5 0.4828125 0.6754629629629629 0.06145833333333333 0.032407407407407406
5 0.41380208333333335 0.6990740740740741 0.0390625 0.040740740740740744
5 0.05416666666666667 0.5532407407407407 0.04791666666666667 0.023148148148148147
5 0.13567708333333334 0.5523148148148148 0.025520833333333333 0.023148148148148147
5 0.5221354166666666 0.5597222222222222 0.06510416666666667 0.030555555555555555
5 0.6580729166666667 0.5541666666666667 0.0515625 0.026851851851851852
5 0.6989583333333333 0.5560185185185185 0.036458333333333336 0.023148148148148147
5 0.7703125 0.5625 0.03125 0.01574074074074074
5 0.9072916666666667 0.5564814814814815 0.18541666666666667 0.04259259259259259
5 0.2911458333333333 0.8217592592592593 0.08020833333333334 0.05092592592592592
5 0.45416666666666666 0.8023148148148148 0.06354166666666666 0.049074074074074076
5 0.2015625 0.5574074074074075 0.09895833333333333 0.020370370370370372
5 0.8052083333333333 0.5625 0.019791666666666666 0.021296296296296296