2 0.9135416666666667 0.8018518518518518 0.15104166666666666 0.05925925925925926
2 0.7734375 0.8041666666666667 0.09270833333333334 0.06018518518518518
2 0.634375 0.8064814814814815 0.134375 0.03518518518518519
2 0.5184895833333333 0.7916666666666666 0.1046875 0.05185185185185185
2 0.40625 0.7541666666666667 0.075 0.030555555555555555
2 0.12604166666666666 0.7560185185185185 0.07083333333333333 0.025
2 0.6192708333333333 0.7462962962962963 0.053125 0.016666666666666666
13 0.5455729166666666 0.7685185185185185 0.015104166666666667 0.04259259259259259
13 0.7885416666666667 0.7782407407407408 0.019791666666666666 0.04537037037037037
2 0.21927083333333333 0.7712962962962963 0.053125 0.014814814814814815
2 0.2546875 0.7648148148148148 0.034375 0.016666666666666666
2 0.6924479166666667 0.7462962962962963 0.030729166666666665 0.024074074074074074