3 0.54140625 0.7930555555555555 0.024479166666666666 0.03796296296296296
3 0.5401041666666667 0.7337962962962963 0.017708333333333333 0.026851851851851852
3 0.8703125 0.7708333333333334 0.022916666666666665 0.05092592592592592
3 0.6796875 0.7652777777777777 0.036458333333333336 0.026851851851851852
2 0.7481770833333333 0.6694444444444444 0.11197916666666667 0.044444444444444446
1 0.6359375 0.625 0.10833333333333334 0.07777777777777778
2 0.2682291666666667 0.6722222222222223 0.03958333333333333 0.046296296296296294
2 0.3143229166666667 0.6625 0.0328125 0.03425925925925926
1 0.0453125 0.6763888888888889 0.05520833333333333 0.08611111111111111
2 0.16640625 0.6847222222222222 0.04635416666666667 0.026851851851851852
3 0.8885416666666667 0.7648148148148148 0.023958333333333335 0.05