2 0.49661458333333336 0.6773148148148148 0.1078125 0.032407407407407406
1 0.9614583333333333 0.6087962962962963 0.07708333333333334 0.06574074074074074
1 0.5145833333333333 0.6319444444444444 0.08958333333333333 0.06388888888888888
2 0.25390625 0.6472222222222223 0.027604166666666666 0.022222222222222223
2 0.19869791666666667 0.6546296296296297 0.0296875 0.025925925925925925
2 0.03046875 0.6504629629629629 0.024479166666666666 0.028703703703703703
3 0.5927083333333333 0.7509259259259259 0.023958333333333335 0.037037037037037035
3 0.44479166666666664 0.7541666666666667 0.01875 0.032407407407407406
3 0.5059895833333333 0.736574074074074 0.019270833333333334 0.032407407407407406
3 0.18125 0.737037037037037 0.01875 0.025925925925925925
3 0.28671875 0.7305555555555555 0.0109375 0.022222222222222223
3 0.36614583333333334 0.7351851851851852 0.013541666666666667 0.018518518518518517
3 0.39895833333333336 0.7351851851851852 0.014583333333333334 0.022222222222222223
3 0.38515625 0.7375 0.015104166666666667 0.03425925925925926
3 0.8020833333333334 0.7277777777777777 0.014583333333333334 0.03148148148148148
3 0.9778645833333334 0.7134259259259259 0.0140625 0.03796296296296296
3 0.95859375 0.7194444444444444 0.018229166666666668 0.02962962962962963
3 0.7815104166666667 0.7314814814814815 0.015104166666666667 0.022222222222222223
3 0.6338541666666667 0.7356481481481482 0.017708333333333333 0.030555555555555555
3 0.4739583333333333 0.7472222222222222 0.015625 0.027777777777777776
3 0.32421875 0.7203703703703703 0.011979166666666667 0.020370370370370372