3 0.7515625 0.7787037037037037 0.020833333333333332 0.037037037037037035
3 0.8190104166666666 0.7620370370370371 0.024479166666666666 0.024074074074074074
3 0.8604166666666667 0.7523148148148148 0.015625 0.03611111111111111
3 0.89296875 0.7444444444444445 0.018229166666666668 0.03148148148148148
3 0.9372395833333333 0.7282407407407407 0.0203125 0.01574074074074074
3 0.5682291666666667 0.7430555555555556 0.017708333333333333 0.021296296296296296
3 0.5330729166666667 0.7523148148148148 0.018229166666666668 0.01574074074074074
3 0.2559895833333333 0.7833333333333333 0.030729166666666665 0.020370370370370372
3 0.1921875 0.7476851851851852 0.017708333333333333 0.023148148148148147
3 0.23671875 0.7412037037037037 0.015104166666666667 0.023148148148148147
3 0.26197916666666665 0.7319444444444444 0.011458333333333333 0.013888888888888888
2 0.2171875 0.6986111111111111 0.052083333333333336 0.03796296296296296
2 0.30104166666666665 0.6824074074074075 0.08020833333333334 0.03148148148148148
2 0.4765625 0.6921296296296297 0.11354166666666667 0.049074074074074076
2 0.054947916666666666 0.687962962962963 0.04010416666666667 0.025925925925925925
2 0.1421875 0.687037037037037 0.029166666666666667 0.020370370370370372