2 0.40677083333333336 0.8865740740740741 0.128125 0.049074074074074076
2 0.51015625 0.8337962962962963 0.0578125 0.03611111111111111
2 0.5736979166666667 0.8125 0.04010416666666667 0.025
2 0.6510416666666666 0.8046296296296296 0.03854166666666667 0.024074074074074074
7 0.6114583333333333 0.7976851851851852 0.04895833333333333 0.04537037037037037
2 0.89296875 0.7680555555555556 0.05364583333333333 0.023148148148148147
13 0.3802083333333333 0.8421296296296297 0.026041666666666668 0.075
13 0.434375 0.8236111111111111 0.028125 0.0824074074074074
13 0.46328125 0.8212962962962963 0.0203125 0.046296296296296294
13 0.5143229166666666 0.8199074074074074 0.0203125 0.03425925925925926
13 0.5651041666666666 0.7916666666666666 0.025 0.025925925925925925
13 0.653125 0.7870370370370371 0.021875 0.046296296296296294
9 0.04348958333333333 0.7050925925925926 0.04114583333333333 0.2324074074074074
9 0.08229166666666667 0.7351851851851852 0.03854166666666667 0.17222222222222222