2 0.378125 0.7236111111111111 0.057291666666666664 0.049074074074074076
2 0.8182291666666667 0.7592592592592593 0.09479166666666666 0.03518518518518519
3 0.7546875 0.7893518518518519 0.0125 0.021296296296296296
3 0.6708333333333333 0.7689814814814815 0.011458333333333333 0.019444444444444445
3 0.8864583333333333 0.8435185185185186 0.019791666666666666 0.025925925925925925
3 0.9864583333333333 0.7949074074074074 0.011458333333333333 0.017592592592592594
2 0.90625 0.7449074074074075 0.06458333333333334 0.021296296296296296
4 0.4401041666666667 0.7782407407407408 0.021875 0.03425925925925926
9 0.8591145833333333 0.600925925925926 0.0203125 0.2833333333333333
9 0.8158854166666667 0.6319444444444444 0.0171875 0.21203703703703702
9 0.7828125 0.6449074074074074 0.017708333333333333 0.17685185185185184
9 0.8455729166666667 0.6754629629629629 0.015104166666666667 0.13240740740740742
9 0.8309895833333333 0.6652777777777777 0.009895833333333333 0.15462962962962962
1 0.13932291666666666 0.6648148148148149 0.0359375 0.040740740740740744
1 0.23385416666666667 0.6685185185185185 0.019791666666666666 0.037037037037037035
2 0.32317708333333334 0.6902777777777778 0.025520833333333333 0.017592592592592594
1 0.4471354166666667 0.6865740740740741 0.024479166666666666 0.04351851851851852
2 0.49140625 0.7069444444444445 0.024479166666666666 0.019444444444444445
2 0.7286458333333333 0.7287037037037037 0.0375 0.025925925925925925