2 0.42239583333333336 0.8629629629629629 0.10625 0.05555555555555555
2 0.48541666666666666 0.8398148148148148 0.030208333333333334 0.03333333333333333
2 0.5205729166666667 0.825925925925926 0.0421875 0.025925925925925925
2 0.56875 0.8041666666666667 0.04791666666666667 0.032407407407407406
7 0.6145833333333334 0.7796296296296297 0.04375 0.025925925925925925
13 0.403125 0.8212962962962963 0.025 0.07037037037037037
13 0.4395833333333333 0.8074074074074075 0.020833333333333332 0.09074074074074075
13 0.47760416666666666 0.8092592592592592 0.021875 0.046296296296296294
13 0.51796875 0.8046296296296296 0.0203125 0.040740740740740744
13 0.5622395833333333 0.7805555555555556 0.019270833333333334 0.044444444444444446
13 0.6515625 0.7652777777777777 0.013541666666666667 0.03796296296296296
2 0.9015625 0.7550925925925925 0.058333333333333334 0.026851851851851852
2 0.9783854166666667 0.7342592592592593 0.0296875 0.027777777777777776
9 0.044270833333333336 0.7111111111111111 0.03854166666666667 0.2518518518518518
9 0.07578125 0.7324074074074074 0.0328125 0.18333333333333332