5 0.29140625 0.8921296296296296 0.09635416666666667 0.0712962962962963
5 0.78203125 0.8018518518518518 0.0453125 0.1037037037037037
5 0.828125 0.774074074074074 0.0375 0.10185185185185185
5 0.8963541666666667 0.8083333333333333 0.052083333333333336 0.10185185185185185
7 0.1515625 0.4791666666666667 0.03125 0.023148148148148147
7 0.209375 0.4842592592592593 0.026041666666666668 0.020370370370370372
7 0.25885416666666666 0.4824074074074074 0.028125 0.016666666666666666
7 0.3098958333333333 0.4888888888888889 0.029166666666666667 0.016666666666666666
7 0.3572916666666667 0.49212962962962964 0.030208333333333334 0.012037037037037037
7 0.68125 0.49953703703703706 0.013541666666666667 0.012037037037037037
7 0.18151041666666667 0.47824074074074074 0.025520833333333333 0.026851851851851852