3 0.18723958333333332 0.812962962962963 0.015104166666666667 0.02962962962962963
2 0.021354166666666667 0.7217592592592592 0.041666666666666664 0.04537037037037037
2 0.032552083333333336 0.6481481481481481 0.011979166666666667 0.02962962962962963
2 0.050520833333333334 0.6550925925925926 0.014583333333333334 0.030555555555555555
2 0.08072916666666667 0.6560185185185186 0.03229166666666667 0.03425925925925926
2 0.07682291666666667 0.6865740740740741 0.033854166666666664 0.025
2 0.10442708333333334 0.6953703703703704 0.03697916666666667 0.03888888888888889
2 0.17473958333333334 0.6648148148148149 0.0328125 0.03518518518518519
2 0.17682291666666666 0.6421296296296296 0.0453125 0.03611111111111111
2 0.23463541666666668 0.6791666666666667 0.027604166666666666 0.028703703703703703
2 0.26666666666666666 0.6976851851851852 0.04375 0.03425925925925926
2 0.3458333333333333 0.674074074074074 0.030208333333333334 0.027777777777777776
2 0.3984375 0.6708333333333333 0.03125 0.023148148148148147
2 0.37604166666666666 0.7143518518518519 0.07395833333333333 0.04722222222222222
2 0.8098958333333334 0.7092592592592593 0.065625 0.05185185185185185
2 0.8783854166666667 0.7439814814814815 0.10572916666666667 0.058333333333333334
2 0.5119791666666667 0.7472222222222222 0.084375 0.04814814814814815
2 0.5815104166666667 0.6819444444444445 0.05364583333333333 0.04351851851851852
2 0.5020833333333333 0.6939814814814815 0.058333333333333334 0.03981481481481482
2 0.53984375 0.7194444444444444 0.0765625 0.046296296296296294
2 0.69375 0.725925925925926 0.09583333333333334 0.05740740740740741
2 0.25885416666666666 0.7337962962962963 0.028125 0.023148148148148147
2 0.7572916666666667 0.6712962962962963 0.042708333333333334 0.03518518518518519
2 0.9723958333333333 0.6768518518518518 0.05520833333333333 0.05185185185185185
2 0.90234375 0.6925925925925925 0.049479166666666664 0.03888888888888889
2 0.94296875 0.7078703703703704 0.049479166666666664 0.03796296296296296
2 0.6893229166666667 0.6888888888888889 0.03177083333333333 0.02962962962962963