3 0.3008578431372549 0.7965686274509803 0.02144607843137255 0.046296296296296294
3 0.34941789215686275 0.795751633986928 0.015625 0.023965141612200435
5 0.03048406862745098 0.6386165577342048 0.060355392156862746 0.039760348583877995
1 0.21292892156862744 0.6740196078431373 0.029411764705882353 0.01906318082788671
7 0.3405330882352941 0.6862745098039216 0.057904411764705885 0.026143790849673203
5 0.6470588235294118 0.718681917211329 0.028799019607843136 0.022331154684095862
5 0.7028186274509803 0.7268518518518519 0.014705882352941176 0.017973856209150325
5 0.9136029411764706 0.7505446623093682 0.07352941176470588 0.034858387799564274
5 0.983609068627451 0.7570806100217865 0.03216911764705882 0.034858387799564274
6 0.8912377450980392 0.7554466230936819 0.007965686274509803 0.020697167755991286
5 0.8592218137254902 0.8172657952069716 0.0352328431372549 0.04302832244008715