5 0.05859375 0.5902777777777778 0.0734375 0.04722222222222222
5 0.13020833333333334 0.5777777777777777 0.04479166666666667 0.05740740740740741
5 0.11901041666666666 0.687037037037037 0.12135416666666667 0.03888888888888889
5 0.23359375 0.6 0.0390625 0.027777777777777776
5 0.284375 0.5902777777777778 0.034375 0.03425925925925926
5 0.32317708333333334 0.6222222222222222 0.0421875 0.040740740740740744
5 0.2669270833333333 0.6638888888888889 0.04635416666666667 0.025925925925925925
5 0.08645833333333333 0.5074074074074074 0.07708333333333334 0.022222222222222223
5 0.3078125 0.5111111111111111 0.040625 0.018518518518518517
5 0.39505208333333336 0.5092592592592593 0.0390625 0.018518518518518517
5 0.42265625 0.5101851851851852 0.0328125 0.020370370370370372
5 0.46875 0.5115740740740741 0.023958333333333335 0.017592592592592594
5 0.5796875 0.5115740740740741 0.17083333333333334 0.028703703703703703
5 0.6966145833333334 0.5162037037037037 0.018229166666666668 0.01574074074074074
5 0.7416666666666667 0.5208333333333334 0.015625 0.023148148148148147
5 0.8544270833333333 0.5166666666666667 0.0203125 0.020370370370370372