13 0.70859375 0.8009259259259259 0.0171875 0.06296296296296296
13 0.5604166666666667 0.8175925925925925 0.017708333333333333 0.03888888888888889
13 0.50859375 0.8175925925925925 0.015104166666666667 0.03518518518518519
3 0.896875 0.8939814814814815 0.03125 0.023148148148148147
2 0.7177083333333333 0.8384259259259259 0.11354166666666667 0.05648148148148148
2 0.5684895833333333 0.8527777777777777 0.0609375 0.037037037037037035
2 0.5028645833333333 0.8407407407407408 0.0328125 0.03148148148148148
2 0.4609375 0.8319444444444445 0.058333333333333334 0.03981481481481482
2 0.40859375 0.8388888888888889 0.0421875 0.027777777777777776
2 0.38177083333333334 0.8226851851851852 0.06875 0.030555555555555555
2 0.0359375 0.8300925925925926 0.042708333333333334 0.032407407407407406
2 0.1890625 0.8203703703703704 0.04791666666666667 0.022222222222222223
2 0.3578125 0.8268518518518518 0.08125 0.03148148148148148