2 0.2791666666666667 0.7986111111111112 0.09270833333333334 0.041666666666666664
2 0.525 0.7759259259259259 0.071875 0.02962962962962963
2 0.6153645833333333 0.7930555555555555 0.1078125 0.03981481481481482
2 0.8807291666666667 0.7356481481481482 0.05520833333333333 0.021296296296296296
2 0.9763020833333333 0.7291666666666666 0.0390625 0.026851851851851852
2 0.8364583333333333 0.7421296296296296 0.029166666666666667 0.030555555555555555
3 0.08098958333333334 0.8837962962962963 0.016145833333333335 0.032407407407407406
3 0.10234375 0.8824074074074074 0.0140625 0.02962962962962963
3 0.2515625 0.8736111111111111 0.017708333333333333 0.026851851851851852
3 0.2682291666666667 0.8708333333333333 0.01875 0.025
3 0.09453125 0.8342592592592593 0.015104166666666667 0.018518518518518517