3 0.30416666666666664 0.7384259259259259 0.0125 0.010185185185185186
3 0.20390625 0.7388888888888889 0.0140625 0.011111111111111112
3 0.16223958333333333 0.725925925925926 0.009895833333333333 0.012962962962962963
3 0.13046875 0.7180555555555556 0.0109375 0.013888888888888888
3 0.46328125 0.7296296296296296 0.016145833333333335 0.014814814814814815
3 0.5479166666666667 0.7314814814814815 0.0125 0.016666666666666666
3 0.6192708333333333 0.7300925925925926 0.013541666666666667 0.01574074074074074
3 0.69140625 0.7296296296296296 0.016145833333333335 0.014814814814814815
3 0.7565104166666666 0.725925925925926 0.016145833333333335 0.016666666666666666
3 0.8213541666666667 0.7236111111111111 0.015625 0.013888888888888888
3 0.8760416666666667 0.7166666666666667 0.011458333333333333 0.018518518518518517
3 0.9442708333333333 0.7111111111111111 0.013541666666666667 0.016666666666666666