2 0.6104166666666667 0.8319444444444445 0.08229166666666667 0.03981481481481482
2 0.5135416666666667 0.8180555555555555 0.04479166666666667 0.04722222222222222
2 0.46875 0.8041666666666667 0.03125 0.05462962962962963
2 0.4203125 0.7986111111111112 0.06770833333333333 0.03796296296296296
2 0.3885416666666667 0.799074074074074 0.06354166666666666 0.03148148148148148
2 0.39036458333333335 0.7912037037037037 0.07135416666666666 0.030555555555555555
2 0.3578125 0.7939814814814815 0.06979166666666667 0.032407407407407406
2 0.21666666666666667 0.7828703703703703 0.05520833333333333 0.021296296296296296
2 0.07526041666666666 0.7828703703703703 0.049479166666666664 0.030555555555555555
2 0.16666666666666666 0.788425925925926 0.041666666666666664 0.017592592592592594
13 0.5880208333333333 0.799537037037037 0.019791666666666666 0.05648148148148148
3 0.6916666666666667 0.8842592592592593 0.021875 0.03148148148148148