9 0.04635416666666667 0.7143518518518519 0.03958333333333333 0.24537037037037038
9 0.07890625 0.7361111111111112 0.030729166666666665 0.17222222222222222
2 0.41510416666666666 0.8777777777777778 0.11666666666666667 0.05
2 0.4796875 0.8518518518518519 0.028125 0.025925925925925925
2 0.5143229166666666 0.8337962962962963 0.049479166666666664 0.026851851851851852
2 0.56640625 0.8092592592592592 0.0390625 0.025925925925925925
2 0.6497395833333334 0.7976851851851852 0.028645833333333332 0.017592592592592594
7 0.6106770833333334 0.7930555555555555 0.04739583333333333 0.03796296296296296
13 0.39036458333333335 0.8305555555555556 0.0328125 0.06111111111111111
13 0.43776041666666665 0.8180555555555555 0.0171875 0.0824074074074074
13 0.4705729166666667 0.8166666666666667 0.019270833333333334 0.04814814814814815
13 0.49635416666666665 0.812962962962963 0.015625 0.024074074074074074
13 0.5166666666666667 0.8134259259259259 0.009375 0.03425925925925926
13 0.5635416666666667 0.7944444444444444 0.008333333333333333 0.024074074074074074
13 0.6518229166666667 0.7782407407407408 0.008854166666666666 0.032407407407407406
2 0.8963541666666667 0.7592592592592593 0.06458333333333334 0.046296296296296294
2 0.9708333333333333 0.7407407407407407 0.025 0.022222222222222223