2 0.07057291666666667 0.7398148148148148 0.024479166666666666 0.02962962962962963
2 0.12786458333333334 0.7291666666666666 0.0328125 0.026851851851851852
2 0.19635416666666666 0.7296296296296296 0.03125 0.020370370370370372
2 0.21067708333333332 0.7476851851851852 0.044270833333333336 0.03425925925925926
2 0.2947916666666667 0.725462962962963 0.034375 0.03425925925925926
2 0.34401041666666665 0.7296296296296296 0.030729166666666665 0.025925925925925925
2 0.39427083333333335 0.7143518518518519 0.04479166666666667 0.019444444444444445
2 0.42630208333333336 0.7282407407407407 0.0421875 0.030555555555555555
2 0.45729166666666665 0.7143518518518519 0.03229166666666667 0.023148148148148147
2 0.5828125 0.712037037037037 0.034375 0.02962962962962963
2 0.6109375 0.7078703703703704 0.0375 0.025
2 0.67109375 0.6976851851851852 0.0328125 0.026851851851851852
2 0.71796875 0.6819444444444445 0.03802083333333333 0.030555555555555555
2 0.775 0.6884259259259259 0.04479166666666667 0.023148148148148147
2 0.8286458333333333 0.674537037037037 0.034375 0.019444444444444445
2 0.8833333333333333 0.6689814814814815 0.04791666666666667 0.03425925925925926
2 0.94296875 0.6546296296296297 0.030729166666666665 0.025925925925925925
1 0.60234375 0.6791666666666667 0.0296875 0.03981481481481482