9 0.4549479166666667 0.2671296296296296 0.04739583333333333 0.17685185185185184
10 0.02265625 0.1962962962962963 0.043229166666666666 0.32407407407407407
10 0.08411458333333334 0.19027777777777777 0.0765625 0.33240740740740743
10 0.18072916666666666 0.17916666666666667 0.11354166666666667 0.3453703703703704
10 0.2984375 0.17777777777777778 0.12083333333333333 0.34814814814814815
10 0.425 0.17777777777777778 0.12291666666666666 0.34814814814814815
10 0.5057291666666667 0.18518518518518517 0.08229166666666667 0.35
10 0.54765625 0.3 0.03697916666666667 0.5888888888888889
10 0.5880208333333333 0.17824074074074073 0.08854166666666667 0.35462962962962963
10 0.6611979166666667 0.18518518518518517 0.0984375 0.362962962962963
10 0.7403645833333333 0.18009259259259258 0.08177083333333333 0.3527777777777778
10 0.8489583333333334 0.18194444444444444 0.14479166666666668 0.35833333333333334
10 0.9385416666666667 0.26805555555555555 0.12291666666666666 0.5305555555555556