3 0.24505208333333334 0.6412037037037037 0.0234375 0.032407407407407406
2 0.8841145833333334 0.4101851851851852 0.09427083333333333 0.04814814814814815
2 0.75 0.43657407407407406 0.10729166666666666 0.04722222222222222
2 0.79609375 0.47129629629629627 0.10885416666666667 0.06851851851851852
2 0.7442708333333333 0.5097222222222222 0.115625 0.075
2 0.5416666666666666 0.4708333333333333 0.08020833333333334 0.06944444444444445
2 0.5791666666666667 0.4009259259259259 0.05 0.05
2 0.49453125 0.4083333333333333 0.05364583333333333 0.046296296296296294
2 0.3390625 0.5037037037037037 0.06458333333333334 0.046296296296296294
2 0.31666666666666665 0.4166666666666667 0.04479166666666667 0.05185185185185185
2 0.3658854166666667 0.4564814814814815 0.06614583333333333 0.06666666666666667
2 0.21692708333333333 0.40925925925925927 0.0421875 0.053703703703703705
2 0.209375 0.38287037037037036 0.06458333333333334 0.049074074074074076
2 0.06744791666666666 0.39166666666666666 0.0578125 0.05925925925925926
2 0.015364583333333333 0.39166666666666666 0.0265625 0.037037037037037035
2 0.08333333333333333 0.44814814814814813 0.046875 0.05740740740740741
2 0.051041666666666666 0.44212962962962965 0.03854166666666667 0.05092592592592592
2 0.8502604166666666 0.3449074074074074 0.019270833333333334 0.019444444444444445
7 0.73984375 0.3375 0.028645833333333332 0.019444444444444445