3 0.33619791666666665 0.8143518518518519 0.0296875 0.04351851851851852
3 0.8979166666666667 0.7754629629629629 0.022916666666666665 0.04537037037037037
2 0.215625 0.6912037037037037 0.38125 0.2212962962962963
2 0.6721354166666667 0.8060185185185185 0.5755208333333334 0.25462962962962965
5 0.6942708333333333 0.3143518518518518 0.019791666666666666 0.023148148148148147
5 0.4890625 0.28888888888888886 0.021875 0.018518518518518517
5 0.5825520833333333 0.3175925925925926 0.021354166666666667 0.022222222222222223
5 0.39140625 0.2671296296296296 0.019270833333333334 0.025
4 0.06588541666666667 0.21898148148148147 0.03177083333333333 0.023148148148148147
5 0.5518229166666667 0.31342592592592594 0.034895833333333334 0.025
5 0.6622395833333333 0.32685185185185184 0.018229166666666668 0.024074074074074074
5 0.7033854166666667 0.33564814814814814 0.024479166666666666 0.023148148148148147
5 0.51953125 0.30648148148148147 0.030729166666666665 0.027777777777777776
5 0.43776041666666665 0.29398148148148145 0.018229166666666668 0.028703703703703703
5 0.47421875 0.29953703703703705 0.0390625 0.026851851851851852