5 0.5044270833333333 0.6101851851851852 0.0578125 0.024074074074074074
5 0.6588541666666666 0.6050925925925926 0.05416666666666667 0.03425925925925926
5 0.7109375 0.6134259259259259 0.052083333333333336 0.03425925925925926
5 0.7872395833333333 0.6092592592592593 0.0421875 0.025925925925925925
5 0.8239583333333333 0.6125 0.014583333333333334 0.023148148148148147
5 0.9229166666666667 0.6069444444444444 0.15416666666666667 0.04537037037037037
5 0.1359375 0.6060185185185185 0.13333333333333333 0.019444444444444445
5 0.08098958333333334 0.7439814814814815 0.12864583333333332 0.058333333333333334
5 0.20625 0.7342592592592593 0.07916666666666666 0.07777777777777778
5 0.14088541666666668 0.9078703703703703 0.0984375 0.06388888888888888
5 0.2635416666666667 0.9074074074074074 0.1125 0.06111111111111111
5 0.36875 0.7587962962962963 0.078125 0.04351851851851852
5 0.47109375 0.749537037037037 0.07135416666666666 0.03981481481481482
5 0.5372395833333333 0.799537037037037 0.06302083333333333 0.03611111111111111
5 0.7138020833333333 0.7754629629629629 0.11197916666666667 0.021296296296296296
5 0.43723958333333335 0.8777777777777778 0.06197916666666667 0.04814814814814815