3 0.5447916666666667 0.9212962962962963 0.023958333333333335 0.03148148148148148
3 0.55859375 0.9106481481481481 0.021354166666666667 0.026851851851851852
3 0.6005208333333333 0.8810185185185185 0.025 0.03981481481481482
3 0.6455729166666667 0.8569444444444444 0.019270833333333334 0.028703703703703703
3 0.6734375 0.8375 0.019791666666666666 0.032407407407407406
3 0.7104166666666667 0.8226851851851852 0.017708333333333333 0.025
3 0.7442708333333333 0.8 0.019791666666666666 0.025925925925925925
3 0.7856770833333333 0.7833333333333333 0.018229166666666668 0.022222222222222223
3 0.81796875 0.7708333333333334 0.016145833333333335 0.023148148148148147
3 0.8411458333333334 0.7620370370370371 0.014583333333333334 0.024074074074074074
3 0.8716145833333333 0.7574074074074074 0.011979166666666667 0.014814814814814815
3 0.6809895833333334 0.7791666666666667 0.013020833333333334 0.021296296296296296
3 0.2950520833333333 0.8726851851851852 0.015104166666666667 0.023148148148148147
3 0.284375 0.8300925925925926 0.015625 0.026851851851851852
3 0.32526041666666666 0.8208333333333333 0.016145833333333335 0.023148148148148147
3 0.34401041666666665 0.850462962962963 0.021354166666666667 0.032407407407407406
3 0.38828125 0.8351851851851851 0.013020833333333334 0.024074074074074074
3 0.44140625 0.8222222222222222 0.015104166666666667 0.025925925925925925
3 0.3875 0.812962962962963 0.013541666666666667 0.020370370370370372
4 0.5236979166666667 0.7907407407407407 0.13072916666666667 0.11481481481481481
4 0.21302083333333333 0.8083333333333333 0.11875 0.06111111111111111
4 0.07005208333333333 0.7912037037037037 0.10364583333333334 0.041666666666666664
13 0.128125 0.7777777777777778 0.0125 0.05555555555555555
13 0.19713541666666667 0.7810185185185186 0.027604166666666666 0.075