3 0.2328125 0.4425925925925926 0.010416666666666666 0.011111111111111112
3 0.4544270833333333 0.43796296296296294 0.016145833333333335 0.020370370370370372
3 0.64375 0.43333333333333335 0.0125 0.018518518518518517
3 0.8653645833333333 0.4527777777777778 0.015104166666666667 0.025925925925925925
3 0.7651041666666667 0.43657407407407406 0.014583333333333334 0.021296296296296296
3 0.9263020833333333 0.41944444444444445 0.011979166666666667 0.012962962962962963
3 0.2830729166666667 0.4217592592592593 0.0296875 0.025
3 0.3541666666666667 0.4356481481481482 0.010416666666666666 0.021296296296296296
3 0.3223958333333333 0.4388888888888889 0.014583333333333334 0.016666666666666666
2 0.09921875 0.41712962962962963 0.03697916666666667 0.026851851851851852
1 0.66953125 0.37175925925925923 0.059895833333333336 0.03981481481481482
2 0.5880208333333333 0.37175925925925923 0.023958333333333335 0.025
2 0.6216145833333333 0.37962962962962965 0.022395833333333334 0.020370370370370372
2 0.47994791666666664 0.3824074074074074 0.07447916666666667 0.02962962962962963
2 0.5572916666666666 0.38101851851851853 0.022916666666666665 0.01574074074074074
2 0.3463541666666667 0.3976851851851852 0.058333333333333334 0.03611111111111111
2 0.39114583333333336 0.3837962962962963 0.0625 0.019444444444444445
9 0.2046875 0.3638888888888889 0.011458333333333333 0.08148148148148149