2 0.7497395833333333 0.30925925925925923 0.3015625 0.1685185185185185
2 0.5223958333333333 0.3106481481481482 0.12916666666666668 0.10648148148148148
2 0.3619791666666667 0.2962962962962963 0.035416666666666666 0.06666666666666667
2 0.41875 0.3087962962962963 0.06666666666666667 0.058333333333333334
2 0.4356770833333333 0.275 0.11197916666666667 0.07592592592592592
2 0.0828125 0.2898148148148148 0.05520833333333333 0.03148148148148148
13 0.8450520833333334 0.2773148148148148 0.04739583333333333 0.10092592592592593
13 0.5161458333333333 0.2898148148148148 0.026041666666666668 0.06666666666666667
13 0.54375 0.29259259259259257 0.022916666666666665 0.046296296296296294
13 0.4317708333333333 0.2902777777777778 0.015625 0.058333333333333334
13 0.35885416666666664 0.287962962962963 0.014583333333333334 0.02962962962962963
13 0.47942708333333334 0.2652777777777778 0.03177083333333333 0.05648148148148148
13 0.40677083333333336 0.25324074074074077 0.007291666666666667 0.028703703703703703
13 0.42213541666666665 0.2518518518518518 0.019270833333333334 0.02962962962962963