2 0.11666666666666667 0.8101851851851852 0.11770833333333333 0.025925925925925925
2 0.084375 0.7796296296296297 0.03854166666666667 0.03518518518518519
1 0.3263020833333333 0.7680555555555556 0.08072916666666667 0.058333333333333334
1 0.375 0.763425925925926 0.05416666666666667 0.075
1 0.9033854166666667 0.7324074074074074 0.11302083333333333 0.08518518518518518
2 0.7671875 0.7555555555555555 0.030208333333333334 0.020370370370370372
3 0.16458333333333333 0.8699074074074075 0.0125 0.019444444444444445
3 0.2552083333333333 0.8689814814814815 0.0125 0.021296296296296296
3 0.27317708333333335 0.8675925925925926 0.013020833333333334 0.020370370370370372
3 0.35572916666666665 0.8689814814814815 0.0125 0.021296296296296296
3 0.36875 0.8689814814814815 0.016666666666666666 0.023148148148148147
3 0.4231770833333333 0.8597222222222223 0.0140625 0.013888888888888888
3 0.4830729166666667 0.8662037037037037 0.016145833333333335 0.019444444444444445
3 0.5333333333333333 0.8546296296296296 0.015625 0.022222222222222223
3 0.5044270833333333 0.8625 0.015104166666666667 0.025
3 0.55234375 0.8560185185185185 0.013020833333333334 0.021296296296296296
3 0.5763020833333333 0.85 0.011979166666666667 0.020370370370370372
3 0.6252604166666667 0.8675925925925926 0.018229166666666668 0.025925925925925925
3 0.6416666666666667 0.8657407407407407 0.017708333333333333 0.027777777777777776
3 0.6565104166666667 0.8634259259259259 0.018229166666666668 0.032407407407407406
3 0.6825520833333333 0.8574074074074074 0.018229166666666668 0.027777777777777776
3 0.70703125 0.8550925925925926 0.0203125 0.030555555555555555
3 0.7625 0.8398148148148148 0.017708333333333333 0.02962962962962963
3 0.803125 0.861574074074074 0.013541666666666667 0.028703703703703703
3 0.9643229166666667 0.861574074074074 0.0234375 0.032407407407407406
3 0.8184895833333333 0.8574074074074074 0.015104166666666667 0.025925925925925925
3 0.38645833333333335 0.8449074074074074 0.017708333333333333 0.025
3 0.08203125 0.8629629629629629 0.009895833333333333 0.02962962962962963
3 0.11822916666666666 0.8550925925925926 0.0125 0.021296296296296296
3 0.13203125 0.8555555555555555 0.0140625 0.020370370370370372
3 0.21770833333333334 0.8416666666666667 0.011458333333333333 0.022222222222222223
3 0.23802083333333332 0.8555555555555555 0.009375 0.022222222222222223
3 0.3203125 0.8407407407407408 0.010416666666666666 0.025925925925925925