3 0.5096354166666667 0.8305555555555556 0.024479166666666666 0.02962962962962963
2 0.04791666666666667 0.7212962962962963 0.030208333333333334 0.044444444444444446
2 0.06458333333333334 0.6763888888888889 0.022916666666666665 0.017592592592592594
2 0.11119791666666666 0.6782407407407407 0.019270833333333334 0.019444444444444445
2 0.13828125 0.6782407407407407 0.0203125 0.021296296296296296
2 0.21041666666666667 0.7027777777777777 0.027083333333333334 0.040740740740740744
2 0.2557291666666667 0.6708333333333333 0.027083333333333334 0.041666666666666664
2 0.20859375 0.6726851851851852 0.018229166666666668 0.013888888888888888
2 0.29973958333333334 0.6777777777777778 0.0203125 0.024074074074074074
2 0.3125 0.7486111111111111 0.04375 0.04722222222222222
2 0.2921875 0.7069444444444445 0.042708333333333334 0.049074074074074076
2 0.35885416666666664 0.6828703703703703 0.025 0.03425925925925926
2 0.3924479166666667 0.6754629629629629 0.030729166666666665 0.04351851851851852
2 0.4127604166666667 0.7208333333333333 0.034895833333333334 0.032407407407407406
2 0.3921875 0.7143518518518519 0.028125 0.03425925925925926
2 0.47682291666666665 0.6856481481481481 0.0234375 0.05648148148148148
2 0.48776041666666664 0.6685185185185185 0.0234375 0.037037037037037035
2 0.56640625 0.7421296296296296 0.04114583333333333 0.03796296296296296
2 0.5346354166666667 0.6939814814814815 0.025520833333333333 0.03611111111111111
2 0.58203125 0.712037037037037 0.049479166666666664 0.040740740740740744
2 0.6520833333333333 0.6861111111111111 0.029166666666666667 0.03148148148148148
2 0.7083333333333334 0.674074074074074 0.03125 0.02962962962962963
2 0.6885416666666667 0.7217592592592592 0.07291666666666667 0.049074074074074076
2 0.8216145833333334 0.7444444444444445 0.0890625 0.046296296296296294
2 0.8953125 0.6726851851851852 0.057291666666666664 0.03796296296296296
2 0.81328125 0.6925925925925925 0.0453125 0.04259259259259259
2 0.853125 0.7217592592592592 0.07291666666666667 0.03796296296296296