3 0.12916666666666668 0.9347222222222222 0.03958333333333333 0.05092592592592592
3 0.044270833333333336 0.888425925925926 0.03229166666666667 0.05092592592592592
3 0.7515625 0.9324074074074075 0.030208333333333334 0.040740740740740744
3 0.6356770833333333 0.9078703703703703 0.028645833333333332 0.04722222222222222
3 0.5059895833333333 0.8837962962962963 0.0296875 0.04351851851851852
3 0.4002604166666667 0.8625 0.025520833333333333 0.03981481481481482
3 0.31197916666666664 0.8388888888888889 0.021875 0.03518518518518519
3 0.23671875 0.8125 0.022395833333333334 0.03425925925925926
3 0.1734375 0.7916666666666666 0.021875 0.03518518518518519
3 0.13203125 0.775 0.0203125 0.03148148148148148
3 0.09348958333333333 0.7638888888888888 0.0171875 0.027777777777777776
3 0.8979166666666667 0.8393518518518519 0.020833333333333332 0.03425925925925926
3 0.9052083333333333 0.8217592592592593 0.017708333333333333 0.025
3 0.8158854166666667 0.8328703703703704 0.0171875 0.028703703703703703
3 0.8044270833333333 0.8143518518518519 0.015104166666666667 0.023148148148148147
3 0.8002604166666667 0.7925925925925926 0.0140625 0.025925925925925925
3 0.75 0.8199074074074074 0.014583333333333334 0.028703703703703703
3 0.7161458333333334 0.8037037037037037 0.017708333333333333 0.027777777777777776
3 0.6841145833333333 0.8134259259259259 0.013020833333333334 0.025
3 0.6388020833333333 0.7972222222222223 0.016145833333333335 0.022222222222222223
3 0.6140625 0.7967592592592593 0.01875 0.026851851851851852
3 0.5604166666666667 0.7847222222222222 0.0125 0.021296296296296296
3 0.5736979166666667 0.7870370370370371 0.0171875 0.025925925925925925
3 0.50390625 0.7800925925925926 0.015104166666666667 0.023148148148148147
3 0.9575520833333333 0.8087962962962963 0.015104166666666667 0.025