2 0.08880208333333334 0.9143518518518519 0.04739583333333333 0.019444444444444445
2 0.3927083333333333 0.9194444444444444 0.027083333333333334 0.018518518518518517
2 0.56015625 0.9296296296296296 0.0265625 0.024074074074074074
9 0.7611979166666667 0.8291666666666667 0.027604166666666666 0.1824074074074074
9 0.7302083333333333 0.8342592592592593 0.019791666666666666 0.16296296296296298
9 0.7958333333333333 0.8398148148148148 0.021875 0.15185185185185185
9 0.8177083333333334 0.8592592592592593 0.015625 0.1037037037037037
9 0.859375 0.8476851851851852 0.019791666666666666 0.12314814814814815
9 0.8932291666666666 0.8513888888888889 0.016666666666666666 0.10833333333333334
9 0.9065104166666667 0.8592592592592593 0.021354166666666667 0.09074074074074075
4 0.3651041666666667 0.9027777777777778 0.019791666666666666 0.02962962962962963
1 0.44453125 0.9027777777777778 0.021354166666666667 0.03148148148148148
4 0.9192708333333334 0.9143518518518519 0.15520833333333334 0.03796296296296296