3 0.28515625 0.8027777777777778 0.015104166666666667 0.024074074074074074
3 0.2671875 0.7912037037037037 0.013541666666666667 0.026851851851851852
3 0.21692708333333333 0.8208333333333333 0.0171875 0.032407407407407406
3 0.16770833333333332 0.8310185185185185 0.016666666666666666 0.026851851851851852
3 0.1203125 0.8495370370370371 0.017708333333333333 0.021296296296296296
3 0.14505208333333333 0.8180555555555555 0.015104166666666667 0.026851851851851852
3 0.19192708333333333 0.8074074074074075 0.015104166666666667 0.03148148148148148
3 0.3338541666666667 0.8074074074074075 0.017708333333333333 0.022222222222222223
3 0.38359375 0.7805555555555556 0.011979166666666667 0.024074074074074074
3 0.33151041666666664 0.7805555555555556 0.0171875 0.02962962962962963
3 0.024479166666666666 0.799074074074074 0.0125 0.025925925925925925
3 0.08645833333333333 0.8314814814814815 0.017708333333333333 0.03333333333333333
3 0.05 0.7930555555555555 0.013541666666666667 0.019444444444444445
4 0.8356770833333333 0.674537037037037 0.059895833333333336 0.04537037037037037
4 0.7934895833333333 0.6587962962962963 0.03697916666666667 0.019444444444444445
4 0.70625 0.6671296296296296 0.03333333333333333 0.030555555555555555
3 0.43515625 0.7564814814814815 0.015104166666666667 0.027777777777777776
3 0.30182291666666666 0.8291666666666667 0.0140625 0.021296296296296296