4 0.0328125 0.7342592592592593 0.05520833333333333 0.06296296296296296
3 0.1359375 0.7555555555555555 0.019791666666666666 0.018518518518518517
3 0.18229166666666666 0.7467592592592592 0.016666666666666666 0.017592592592592594
3 0.25234375 0.7490740740740741 0.0109375 0.022222222222222223
3 0.27317708333333335 0.7398148148148148 0.009895833333333333 0.014814814814814815
3 0.32890625 0.7768518518518519 0.0109375 0.016666666666666666
3 0.45026041666666666 0.7824074074074074 0.016145833333333335 0.016666666666666666
3 0.4778645833333333 0.7773148148148148 0.0109375 0.017592592592592594
3 0.6143229166666667 0.7814814814814814 0.013020833333333334 0.016666666666666666
3 0.6854166666666667 0.7925925925925926 0.009375 0.012962962962962963
3 0.7723958333333333 0.8101851851851852 0.009375 0.014814814814814815
3 0.9510416666666667 0.8166666666666667 0.014583333333333334 0.025925925925925925
3 0.9184895833333333 0.8138888888888889 0.015104166666666667 0.011111111111111112
3 0.8630208333333333 0.8037037037037037 0.011458333333333333 0.016666666666666666
3 0.8221354166666667 0.8009259259259259 0.009895833333333333 0.016666666666666666
3 0.7427083333333333 0.7819444444444444 0.019791666666666666 0.017592592592592594