2 0.33567708333333335 0.5180555555555556 0.1046875 0.05462962962962963
2 0.15208333333333332 0.5046296296296297 0.07708333333333334 0.040740740740740744
2 0.07760416666666667 0.5185185185185185 0.05625 0.044444444444444446
3 0.13151041666666666 0.5791666666666667 0.015104166666666667 0.017592592592592594
3 0.14635416666666667 0.5828703703703704 0.015625 0.023148148148148147
3 0.571875 0.5995370370370371 0.013541666666666667 0.01574074074074074
3 0.6364583333333333 0.5944444444444444 0.019791666666666666 0.027777777777777776
3 0.6736979166666667 0.5837962962962963 0.019270833333333334 0.026851851851851852
3 0.7 0.5814814814814815 0.015625 0.014814814814814815
3 0.8697916666666666 0.6310185185185185 0.022916666666666665 0.023148148148148147
3 0.8893229166666666 0.6222222222222222 0.0234375 0.03333333333333333
3 0.9229166666666667 0.6092592592592593 0.016666666666666666 0.03148148148148148
3 0.9427083333333334 0.5986111111111111 0.019791666666666666 0.021296296296296296
3 0.38645833333333335 0.5740740740740741 0.020833333333333332 0.018518518518518517
3 0.4140625 0.575462962962963 0.020833333333333332 0.025
3 0.4513020833333333 0.5652777777777778 0.015104166666666667 0.025