2 0.6515625 0.8560185185185185 0.10416666666666667 0.07314814814814814
2 0.7453125 0.8375 0.06354166666666666 0.06944444444444445
2 0.8078125 0.8662037037037037 0.08541666666666667 0.032407407407407406
2 0.3390625 0.8277777777777777 0.042708333333333334 0.02962962962962963
2 0.019010416666666665 0.8532407407407407 0.03697916666666667 0.05092592592592592
3 0.5385416666666667 0.9254629629629629 0.014583333333333334 0.019444444444444445
3 0.6622395833333333 0.925 0.013020833333333334 0.018518518518518517
3 0.8291666666666667 0.9435185185185185 0.016666666666666666 0.020370370370370372
3 0.9130208333333333 0.9388888888888889 0.020833333333333332 0.018518518518518517
3 0.9747395833333333 0.9300925925925926 0.0140625 0.019444444444444445
3 0.8322916666666667 0.9111111111111111 0.013541666666666667 0.018518518518518517
3 0.7692708333333333 0.9185185185185185 0.011458333333333333 0.016666666666666666
3 0.49609375 0.9074074074074074 0.0140625 0.016666666666666666
3 0.3809895833333333 0.9115740740740741 0.013020833333333334 0.019444444444444445
3 0.03229166666666667 0.9166666666666666 0.01875 0.014814814814814815
3 0.9247395833333333 0.9032407407407408 0.009895833333333333 0.01574074074074074
3 0.88046875 0.9078703703703703 0.0140625 0.012037037037037037