1 0.56953125 0.7837962962962963 0.1078125 0.0712962962962963
2 0.43333333333333335 0.8138888888888889 0.030208333333333334 0.018518518518518517
2 0.14505208333333333 0.8416666666666667 0.03697916666666667 0.014814814814814815
3 0.014583333333333334 0.9342592592592592 0.021875 0.024074074074074074
3 0.057291666666666664 0.9273148148148148 0.013541666666666667 0.030555555555555555
3 0.09192708333333334 0.9212962962962963 0.015104166666666667 0.027777777777777776
3 0.15208333333333332 0.937962962962963 0.01875 0.02962962962962963
3 0.1703125 0.9388888888888889 0.016666666666666666 0.027777777777777776
3 0.21744791666666666 0.9217592592592593 0.016145833333333335 0.021296296296296296
3 0.24739583333333334 0.9208333333333333 0.016666666666666666 0.028703703703703703
3 0.3390625 0.9300925925925926 0.01875 0.032407407407407406
3 0.36822916666666666 0.9259259259259259 0.019791666666666666 0.03148148148148148
3 0.49947916666666664 0.9347222222222222 0.019791666666666666 0.03796296296296296
3 0.5606770833333333 0.9175925925925926 0.019270833333333334 0.024074074074074074
3 0.6364583333333333 0.9324074074074075 0.021875 0.040740740740740744
3 0.6544270833333333 0.9273148148148148 0.0203125 0.03425925925925926
3 0.8505208333333333 0.9171296296296296 0.025 0.032407407407407406
3 0.87109375 0.9148148148148149 0.0234375 0.03518518518518519
3 0.6872395833333333 0.9152777777777777 0.019270833333333334 0.025
3 0.3203125 0.9064814814814814 0.013541666666666667 0.027777777777777776
3 0.13020833333333334 0.9143518518518519 0.016666666666666666 0.025