1 0.41953125 0.6717592592592593 0.06302083333333333 0.03425925925925926
3 0.6309895833333333 0.7541666666666667 0.013020833333333334 0.021296296296296296
3 0.6744791666666666 0.7541666666666667 0.0125 0.023148148148148147
3 0.7471354166666667 0.750462962962963 0.008854166666666666 0.017592592592592594
3 0.7807291666666667 0.750462962962963 0.0125 0.017592592592592594
3 0.9893229166666667 0.7722222222222223 0.015104166666666667 0.025925925925925925
3 0.43463541666666666 0.7342592592592593 0.0109375 0.018518518518518517
3 0.29973958333333334 0.7185185185185186 0.011979166666666667 0.014814814814814815
3 0.34427083333333336 0.7199074074074074 0.011458333333333333 0.019444444444444445
3 0.10416666666666667 0.7083333333333334 0.010416666666666666 0.018518518518518517
3 0.17838541666666666 0.7134259259259259 0.013020833333333334 0.017592592592592594
3 0.465625 0.7337962962962963 0.008333333333333333 0.01574074074074074
3 0.49140625 0.7337962962962963 0.009895833333333333 0.017592592592592594