2 0.41484375 0.8777777777777778 0.12239583333333333 0.07407407407407407
2 0.47734375 0.8518518518518519 0.0328125 0.03518518518518519
2 0.5138020833333333 0.8356481481481481 0.050520833333333334 0.026851851851851852
2 0.5716145833333334 0.8106481481481481 0.04635416666666667 0.025
7 0.6122395833333333 0.788425925925926 0.050520833333333334 0.03981481481481482
2 0.6541666666666667 0.7986111111111112 0.026041666666666668 0.012037037037037037
2 0.89296875 0.7601851851851852 0.0578125 0.020370370370370372
2 0.9705729166666667 0.7439814814814815 0.018229166666666668 0.008333333333333333
13 0.38645833333333335 0.8314814814814815 0.025 0.07037037037037037
13 0.43828125 0.8194444444444444 0.018229166666666668 0.09074074074074075
13 0.4669270833333333 0.8217592592592593 0.018229166666666668 0.06574074074074074
13 0.49453125 0.8157407407407408 0.011979166666666667 0.03888888888888889
13 0.5138020833333333 0.8143518518518519 0.009895833333333333 0.028703703703703703
13 0.5640625 0.7921296296296296 0.011458333333333333 0.03611111111111111
13 0.65 0.7773148148148148 0.011458333333333333 0.03796296296296296
9 0.04479166666666667 0.711574074074074 0.0375 0.24166666666666667
9 0.07786458333333333 0.7388888888888889 0.034895833333333334 0.17962962962962964