3 0.011979166666666667 0.725925925925926 0.0125 0.03148148148148148
3 0.07239583333333334 0.725925925925926 0.014583333333333334 0.016666666666666666
3 0.13567708333333334 0.725 0.021354166666666667 0.025925925925925925
3 0.19791666666666666 0.7231481481481481 0.014583333333333334 0.018518518518518517
3 0.2596354166666667 0.7212962962962963 0.016145833333333335 0.025925925925925925
3 0.32005208333333335 0.7138888888888889 0.0171875 0.024074074074074074
3 0.44244791666666666 0.7092592592592593 0.0171875 0.022222222222222223
3 0.5591145833333333 0.7018518518518518 0.015104166666666667 0.027777777777777776
3 0.8190104166666666 0.6777777777777778 0.018229166666666668 0.027777777777777776
3 0.7192708333333333 0.687037037037037 0.015625 0.025925925925925925
3 0.7770833333333333 0.6856481481481481 0.017708333333333333 0.019444444444444445
8 0.1234375 0.6532407407407408 0.24583333333333332 0.03796296296296296