2 0.5932291666666667 0.3962962962962963 0.115625 0.17407407407407408
2 0.47604166666666664 0.39166666666666666 0.027083333333333334 0.024074074074074074
2 0.9734375 0.40879629629629627 0.022916666666666665 0.026851851851851852
1 0.28177083333333336 0.3537037037037037 0.33645833333333336 0.1574074074074074
1 0.7114583333333333 0.3597222222222222 0.36041666666666666 0.1638888888888889
1 0.09739583333333333 0.37083333333333335 0.08854166666666667 0.10277777777777777
2 0.018489583333333334 0.36712962962962964 0.0359375 0.05092592592592592
1 0.26119791666666664 0.35509259259259257 0.13697916666666668 0.06388888888888888
1 0.9447916666666667 0.3814814814814815 0.0375 0.040740740740740744
1 0.8963541666666667 0.38333333333333336 0.04583333333333333 0.05740740740740741
0 0.5002604166666667 0.30787037037037035 0.9994791666666667 0.16203703703703703