8 0.14791666666666667 0.7092592592592593 0.23229166666666667 0.040740740740740744
3 0.8200520833333333 0.8324074074074074 0.027604166666666666 0.03888888888888889
3 0.9088541666666666 0.7916666666666666 0.021875 0.03333333333333333
3 0.9760416666666667 0.7583333333333333 0.022916666666666665 0.03333333333333333
3 0.6947916666666667 0.7865740740740741 0.019791666666666666 0.032407407407407406
3 0.7783854166666667 0.7638888888888888 0.018229166666666668 0.03148148148148148
3 0.8841145833333334 0.7412037037037037 0.0171875 0.030555555555555555
3 0.9635416666666666 0.7208333333333333 0.017708333333333333 0.032407407407407406
3 0.4427083333333333 0.7712962962962963 0.0125 0.022222222222222223
3 0.4921875 0.7611111111111111 0.0125 0.022222222222222223
3 0.5247395833333334 0.7523148148148148 0.0109375 0.019444444444444445
3 0.5627604166666667 0.7458333333333333 0.011979166666666667 0.017592592592592594
3 0.61171875 0.7347222222222223 0.013020833333333334 0.017592592592592594
3 0.39765625 0.7856481481481481 0.0109375 0.017592592592592594
3 0.38984375 0.7893518518518519 0.016145833333333335 0.023148148148148147
4 0.4973958333333333 0.7240740740740741 0.10208333333333333 0.06111111111111111
4 0.30963541666666666 0.7425925925925926 0.08177083333333333 0.053703703703703705
4 0.24348958333333334 0.7421296296296296 0.04010416666666667 0.03425925925925926
4 0.15390625 0.7435185185185185 0.0484375 0.027777777777777776