2 0.4278645833333333 0.8407407407407408 0.09739583333333333 0.053703703703703705
2 0.48723958333333334 0.8212962962962963 0.049479166666666664 0.03518518518518519
2 0.5270833333333333 0.8143518518518519 0.0375 0.026851851851851852
2 0.5677083333333334 0.799537037037037 0.04895833333333333 0.019444444444444445
2 0.6544270833333333 0.7902777777777777 0.034895833333333334 0.021296296296296296
7 0.6127604166666667 0.7773148148148148 0.05364583333333333 0.03981481481481482
13 0.41770833333333335 0.7962962962962963 0.022916666666666665 0.06111111111111111
13 0.4421875 0.7805555555555556 0.020833333333333332 0.08333333333333333
13 0.48489583333333336 0.7837962962962963 0.017708333333333333 0.04351851851851852
13 0.6559895833333333 0.7652777777777777 0.011979166666666667 0.03611111111111111
9 0.040364583333333336 0.674537037037037 0.0390625 0.23981481481481481
9 0.07916666666666666 0.7027777777777777 0.034375 0.16666666666666666
2 0.32447916666666665 0.7824074074074074 0.036458333333333336 0.020370370370370372
2 0.3611979166666667 0.7773148148148148 0.03697916666666667 0.019444444444444445
2 0.9091145833333333 0.7546296296296297 0.05260416666666667 0.020370370370370372