3 0.07734375 0.6907407407407408 0.015104166666666667 0.025925925925925925
3 0.17369791666666667 0.6712962962962963 0.015104166666666667 0.022222222222222223
3 0.1296875 0.6527777777777778 0.013541666666666667 0.025925925925925925
3 0.04479166666666667 0.6370370370370371 0.013541666666666667 0.025925925925925925
3 0.017708333333333333 0.6518518518518519 0.013541666666666667 0.025925925925925925
3 0.1046875 0.6333333333333333 0.013541666666666667 0.025925925925925925
3 0.115625 0.6342592592592593 0.013541666666666667 0.025925925925925925
3 0.190625 0.6259259259259259 0.013541666666666667 0.025925925925925925
3 0.20208333333333334 0.6212962962962963 0.013541666666666667 0.025925925925925925
3 0.21770833333333334 0.6166666666666667 0.013541666666666667 0.025925925925925925
3 0.246875 0.6324074074074074 0.013541666666666667 0.025925925925925925
3 0.27708333333333335 0.6064814814814815 0.013541666666666667 0.025925925925925925
3 0.33958333333333335 0.6407407407407407 0.013541666666666667 0.025925925925925925
3 0.36770833333333336 0.6092592592592593 0.013541666666666667 0.025925925925925925
3 0.4234375 0.5935185185185186 0.013541666666666667 0.025925925925925925
3 0.5458333333333333 0.6138888888888889 0.013541666666666667 0.025925925925925925
3 0.6005208333333333 0.5981481481481481 0.013541666666666667 0.025925925925925925
3 0.646875 0.5861111111111111 0.013541666666666667 0.025925925925925925
3 0.7291666666666666 0.5824074074074074 0.013541666666666667 0.025925925925925925
3 0.7703125 0.562037037037037 0.013541666666666667 0.025925925925925925
3 0.9677083333333333 0.5861111111111111 0.013541666666666667 0.025925925925925925
3 0.0609375 0.6203703703703703 0.013541666666666667 0.025925925925925925
1 0.62890625 0.5162037037037037 0.19322916666666667 0.08981481481481482
2 0.41744791666666664 0.5625 0.0515625 0.01574074074074074
2 0.08828125 0.5930555555555556 0.0515625 0.01574074074074074