1 0.5557291666666667 0.6865740740740741 0.12916666666666668 0.0787037037037037
3 0.95703125 0.7097222222222223 0.015104166666666667 0.019444444444444445
3 0.87421875 0.7143518518518519 0.015104166666666667 0.019444444444444445
3 0.8052083333333333 0.7231481481481481 0.013541666666666667 0.020370370370370372
3 0.7484375 0.7217592592592592 0.013541666666666667 0.021296296296296296
4 0.9330729166666667 0.6671296296296296 0.06510416666666667 0.05092592592592592
4 0.825 0.6782407407407407 0.03854166666666667 0.028703703703703703
4 0.7598958333333333 0.6777777777777778 0.03229166666666667 0.025925925925925925
4 0.09557291666666666 0.7449074074074075 0.0234375 0.025
4 0.2994791666666667 0.7245370370370371 0.022916666666666665 0.017592592592592594
4 0.490625 0.7106481481481481 0.03229166666666667 0.026851851851851852
4 0.8953125 0.6541666666666667 0.09375 0.019444444444444445