1 0.10703125 0.15416666666666667 0.0859375 0.14722222222222223
2 0.17578125 0.5412037037037037 0.1421875 0.10277777777777777
3 0.06770833333333333 0.38055555555555554 0.04895833333333333 0.07962962962962963
2 0.42916666666666664 0.449537037037037 0.25416666666666665 0.10833333333333334
2 0.3533854166666667 0.5949074074074074 0.15885416666666666 0.17314814814814813
2 0.6515625 0.5398148148148149 0.14270833333333333 0.07777777777777778
2 0.778125 0.6055555555555555 0.12604166666666666 0.07962962962962963
2 0.9067708333333333 0.5777777777777777 0.15625 0.10185185185185185
1 0.5096354166666667 0.18611111111111112 0.29739583333333336 0.37037037037037035
8 0.79453125 0.39444444444444443 0.28489583333333335 0.3148148148148148
13 0.4622395833333333 0.0837962962962963 0.0296875 0.13796296296296295
13 0.42916666666666664 0.09074074074074075 0.04375 0.1037037037037037
13 0.5705729166666667 0.075 0.030729166666666665 0.14814814814814814
13 0.7203125 0.38657407407407407 0.04791666666666667 0.09351851851851851
13 0.7143229166666667 0.3476851851851852 0.0453125 0.08425925925925926
13 0.765625 0.38981481481481484 0.057291666666666664 0.24444444444444444
13 0.8049479166666667 0.37824074074074077 0.03697916666666667 0.23796296296296296
13 0.8458333333333333 0.3819444444444444 0.034375 0.24722222222222223
13 0.8807291666666667 0.37222222222222223 0.03333333333333333 0.25555555555555554
13 0.7734375 0.3 0.019791666666666666 0.19814814814814816
13 0.75625 0.27824074074074073 0.027083333333333334 0.12314814814814815