8 0.21510416666666668 0.6523148148148148 0.42916666666666664 0.049074074074074076
3 0.054947916666666666 0.7277777777777777 0.013020833333333334 0.014814814814814815
3 0.115625 0.7268518518518519 0.011458333333333333 0.014814814814814815
3 0.175 0.725462962962963 0.013541666666666667 0.017592592592592594
3 0.2359375 0.7245370370370371 0.010416666666666666 0.01574074074074074
3 0.2994791666666667 0.7199074074074074 0.0125 0.013888888888888888
3 0.3625 0.7208333333333333 0.008333333333333333 0.017592592592592594
3 0.42239583333333336 0.7175925925925926 0.014583333333333334 0.014814814814814815
3 0.4864583333333333 0.7138888888888889 0.013541666666666667 0.020370370370370372
3 0.55078125 0.7106481481481481 0.0109375 0.013888888888888888
3 0.6111979166666667 0.7087962962962963 0.013020833333333334 0.013888888888888888
3 0.6729166666666667 0.6990740740740741 0.0125 0.016666666666666666
3 0.734375 0.6972222222222222 0.014583333333333334 0.014814814814814815
3 0.7921875 0.6944444444444444 0.0125 0.016666666666666666
3 0.8484375 0.6888888888888889 0.011458333333333333 0.016666666666666666
3 0.9044270833333333 0.6842592592592592 0.0140625 0.022222222222222223