3 0.23203125 0.9152777777777777 0.022395833333333334 0.04537037037037037
3 0.4471354166666667 0.9013888888888889 0.0203125 0.041666666666666664
3 0.6026041666666667 0.8847222222222222 0.017708333333333333 0.030555555555555555
3 0.7364583333333333 0.8685185185185185 0.015625 0.03333333333333333
3 0.8265625 0.8513888888888889 0.01875 0.030555555555555555
3 0.90625 0.8412037037037037 0.019791666666666666 0.030555555555555555
3 0.30807291666666664 0.850925925925926 0.018229166666666668 0.014814814814814815
3 0.5270833333333333 0.8388888888888889 0.0125 0.027777777777777776
3 0.2794270833333333 0.850925925925926 0.016145833333333335 0.022222222222222223
3 0.24322916666666666 0.8527777777777777 0.014583333333333334 0.018518518518518517
3 0.2078125 0.8342592592592593 0.013541666666666667 0.016666666666666666
3 0.0109375 0.8379629629629629 0.0125 0.020370370370370372
3 0.48515625 0.8300925925925926 0.0109375 0.017592592592592594
3 0.4705729166666667 0.8324074074074074 0.0109375 0.020370370370370372
3 0.7302083333333333 0.8199074074074074 0.010416666666666666 0.023148148148148147
3 0.9684895833333333 0.7888888888888889 0.015104166666666667 0.024074074074074074
4 0.7598958333333333 0.7384259259259259 0.06145833333333333 0.03796296296296296
4 0.5333333333333333 0.7481481481481481 0.030208333333333334 0.025925925925925925
4 0.46770833333333334 0.7546296296296297 0.040625 0.022222222222222223
4 0.40546875 0.75 0.03802083333333333 0.02962962962962963
4 0.35651041666666666 0.7523148148148148 0.030729166666666665 0.025
8 0.10416666666666667 0.7328703703703704 0.20729166666666668 0.049074074074074076