2 0.42604166666666665 0.85 0.10208333333333333 0.053703703703703705
2 0.48932291666666666 0.825462962962963 0.0296875 0.041666666666666664
2 0.5260416666666666 0.8175925925925925 0.03958333333333333 0.025925925925925925
2 0.5692708333333333 0.7944444444444444 0.03958333333333333 0.027777777777777776
7 0.6122395833333333 0.7791666666666667 0.0515625 0.030555555555555555
2 0.6559895833333333 0.7851851851851852 0.0296875 0.025925925925925925
2 0.9067708333333333 0.7541666666666667 0.053125 0.025
2 0.9802083333333333 0.7333333333333333 0.023958333333333335 0.018518518518518517
13 0.41015625 0.8032407407407407 0.033854166666666664 0.0787037037037037
13 0.44036458333333334 0.7921296296296296 0.019270833333333334 0.07685185185185185
13 0.48098958333333336 0.7925925925925926 0.0234375 0.05185185185185185
13 0.51875 0.7930555555555555 0.022916666666666665 0.03425925925925926
13 0.5697916666666667 0.774537037037037 0.015625 0.028703703703703703
13 0.6546875 0.7662037037037037 0.013541666666666667 0.04351851851851852
9 0.04140625 0.6865740740740741 0.0328125 0.24722222222222223
9 0.08072916666666667 0.7180555555555556 0.03125 0.18055555555555555