2 0.409375 0.8847222222222222 0.12291666666666666 0.05277777777777778
2 0.5096354166666667 0.8342592592592593 0.049479166666666664 0.03518518518518519
2 0.5697916666666667 0.8092592592592592 0.041666666666666664 0.027777777777777776
7 0.6049479166666667 0.7962962962962963 0.050520833333333334 0.03518518518518519
2 0.8942708333333333 0.7648148148148148 0.05416666666666667 0.025925925925925925
13 0.4348958333333333 0.8226851851851852 0.015625 0.07685185185185185
13 0.38385416666666666 0.8393518518518519 0.03229166666666667 0.06944444444444445
13 0.5138020833333333 0.8175925925925925 0.013020833333333334 0.03888888888888889
13 0.5669270833333333 0.7953703703703704 0.009895833333333333 0.04259259259259259
13 0.65 0.7796296296296297 0.015625 0.04259259259259259
9 0.03984375 0.7041666666666667 0.0453125 0.22870370370370371
9 0.08098958333333334 0.7379629629629629 0.033854166666666664 0.17777777777777778