2 0.6770833333333334 0.8393518518518519 0.08854166666666667 0.062037037037037036
2 0.8388020833333333 0.8111111111111111 0.0921875 0.040740740740740744
2 0.9028645833333333 0.7925925925925926 0.04635416666666667 0.03148148148148148
2 0.9559895833333333 0.7851851851851852 0.05260416666666667 0.027777777777777776
13 0.6611979166666667 0.8046296296296296 0.0328125 0.06481481481481481
13 0.6908854166666667 0.7912037037037037 0.0359375 0.075
13 0.8122395833333333 0.7773148148148148 0.0203125 0.05462962962962963
9 0.15598958333333332 0.6930555555555555 0.04114583333333333 0.24722222222222223
9 0.22838541666666667 0.6712962962962963 0.0453125 0.2851851851851852
9 0.4557291666666667 0.7134259259259259 0.022916666666666665 0.1675925925925926
9 0.5057291666666667 0.7097222222222223 0.030208333333333334 0.16574074074074074
9 0.5518229166666667 0.7 0.0234375 0.18518518518518517
9 0.5765625 0.725 0.022916666666666665 0.1425925925925926