2 0.37734375 0.7416666666666667 0.050520833333333334 0.21851851851851853
2 0.77890625 0.7481481481481481 0.0453125 0.1648148148148148
5 0.08671875 0.8069444444444445 0.0671875 0.021296296296296296
5 0.20416666666666666 0.8078703703703703 0.035416666666666666 0.023148148148148147
5 0.6700520833333333 0.7958333333333333 0.07135416666666666 0.021296296296296296
5 0.7966145833333333 0.7870370370370371 0.15364583333333334 0.016666666666666666
5 0.9091145833333333 0.7898148148148149 0.0484375 0.016666666666666666
5 0.6119791666666666 0.7967592592592593 0.020833333333333332 0.019444444444444445
2 0.6328125 0.7907407407407407 0.014583333333333334 0.06111111111111111
5 0.30963541666666666 0.8092592592592592 0.09010416666666667 0.007407407407407408
5 0.5705729166666667 0.8018518518518518 0.028645833333333332 0.014814814814814815