1 0.6130208333333333 0.6453703703703704 0.13020833333333334 0.07222222222222222
3 0.8950520833333333 0.6856481481481481 0.011979166666666667 0.019444444444444445
3 0.9716145833333333 0.6861111111111111 0.013020833333333334 0.018518518518518517
3 0.8309895833333333 0.687962962962963 0.0109375 0.022222222222222223
4 0.027864583333333335 0.7189814814814814 0.0546875 0.03611111111111111
4 0.15364583333333334 0.7032407407407407 0.025 0.017592592592592594
4 0.36432291666666666 0.6851851851851852 0.044270833333333336 0.024074074074074074
4 0.81796875 0.6365740740740741 0.0296875 0.026851851851851852
4 0.8856770833333333 0.6319444444444444 0.0703125 0.026851851851851852
4 0.9377604166666667 0.6208333333333333 0.04010416666666667 0.026851851851851852
4 0.9796875 0.6185185185185185 0.040625 0.025925925925925925