2 0.40260416666666665 0.9152777777777777 0.13958333333333334 0.062037037037037036
2 0.5190104166666667 0.850462962962963 0.05364583333333333 0.041666666666666664
2 0.5822916666666667 0.8300925925925926 0.040625 0.026851851851851852
2 0.6588541666666666 0.8222222222222222 0.035416666666666666 0.020370370370370372
2 0.896875 0.7819444444444444 0.053125 0.017592592592592594
7 0.6203125 0.8106481481481481 0.05416666666666667 0.04351851851851852
13 0.37005208333333334 0.8768518518518519 0.028645833333333332 0.08148148148148149
13 0.4609375 0.850925925925926 0.027083333333333334 0.05555555555555555
13 0.5200520833333333 0.8310185185185185 0.011979166666666667 0.03796296296296296
13 0.6614583333333334 0.8004629629629629 0.013541666666666667 0.032407407407407406
13 0.5763020833333333 0.8106481481481481 0.019270833333333334 0.032407407407407406
9 0.05911458333333333 0.7226851851851852 0.034895833333333334 0.23981481481481481
9 0.09348958333333333 0.750462962962963 0.03697916666666667 0.16944444444444445
9 0.01015625 0.7310185185185185 0.019270833333333334 0.2101851851851852
13 0.4390625 0.8569444444444444 0.019791666666666666 0.08055555555555556