2 0.10078125 0.6791666666666667 0.025520833333333333 0.023148148148148147
2 0.15677083333333333 0.6731481481481482 0.026041666666666668 0.016666666666666666
2 0.22135416666666666 0.6712962962962963 0.030208333333333334 0.018518518518518517
2 0.25234375 0.6898148148148148 0.043229166666666666 0.03333333333333333
2 0.32395833333333335 0.6703703703703704 0.01875 0.024074074074074074
2 0.36015625 0.6601851851851852 0.033854166666666664 0.018518518518518517
2 0.37473958333333335 0.6703703703703704 0.0296875 0.020370370370370372
2 0.42109375 0.6606481481481481 0.03802083333333333 0.023148148148148147
2 0.4552083333333333 0.6731481481481482 0.03854166666666667 0.025925925925925925
2 0.47942708333333334 0.6597222222222222 0.028645833333333332 0.026851851851851852
2 0.61015625 0.663425925925926 0.0296875 0.017592592592592594
2 0.6346354166666667 0.6574074074074074 0.03697916666666667 0.024074074074074074
2 0.6940104166666666 0.6509259259259259 0.03697916666666667 0.025925925925925925
2 0.7380208333333333 0.6361111111111111 0.026041666666666668 0.018518518518518517
2 0.7942708333333334 0.6458333333333334 0.03854166666666667 0.023148148148148147
2 0.846875 0.6287037037037037 0.03229166666666667 0.018518518518518517
2 0.9018229166666667 0.6305555555555555 0.0421875 0.024074074074074074
2 0.9591145833333333 0.6194444444444445 0.022395833333333334 0.016666666666666666
1 0.61953125 0.6319444444444444 0.0265625 0.03425925925925926