2 0.42864583333333334 0.8407407407407408 0.09166666666666666 0.05740740740740741
2 0.490625 0.8236111111111111 0.027083333333333334 0.03425925925925926
2 0.52578125 0.8138888888888889 0.043229166666666666 0.025925925925925925
2 0.5716145833333334 0.7944444444444444 0.034895833333333334 0.03518518518518519
7 0.6145833333333334 0.7773148148148148 0.04895833333333333 0.03425925925925926
2 0.65703125 0.7856481481481481 0.0359375 0.017592592592592594
2 0.9106770833333333 0.7620370370370371 0.06302083333333333 0.027777777777777776
2 0.9830729166666666 0.7439814814814815 0.016145833333333335 0.012037037037037037
2 0.3263020833333333 0.7833333333333333 0.043229166666666666 0.022222222222222223
2 0.36432291666666666 0.7763888888888889 0.030729166666666665 0.019444444444444445
9 0.0421875 0.6805555555555556 0.034375 0.2518518518518518
9 0.07786458333333333 0.7037037037037037 0.030729166666666665 0.1814814814814815
13 0.4153645833333333 0.7962962962962963 0.028645833333333332 0.07222222222222222
2 0.5268229166666667 0.8194444444444444 0.043229166666666666 0.025925925925925925
13 0.4401041666666667 0.7787037037037037 0.01875 0.07222222222222222
13 0.48125 0.7902777777777777 0.027083333333333334 0.049074074074074076
13 0.5234375 0.7888888888888889 0.013541666666666667 0.046296296296296294
13 0.5692708333333333 0.7791666666666667 0.014583333333333334 0.026851851851851852
13 0.65625 0.762962962962963 0.014583333333333334 0.05