1 0.09348958333333333 0.6032407407407407 0.1859375 0.125
1 0.6208333333333333 0.562962962962963 0.13958333333333334 0.07037037037037037
3 0.9322916666666666 0.6375 0.017708333333333333 0.025
3 0.865625 0.6333333333333333 0.015625 0.025925925925925925
3 0.8153645833333333 0.6347222222222222 0.011979166666666667 0.019444444444444445
3 0.7580729166666667 0.6398148148148148 0.013020833333333334 0.024074074074074074
3 0.7395833333333334 0.6356481481481482 0.013541666666666667 0.021296296296296296
3 0.7020833333333333 0.6407407407407407 0.015625 0.016666666666666666
3 0.971875 0.6148148148148148 0.016666666666666666 0.025925925925925925
3 0.6783854166666666 0.637962962962963 0.013020833333333334 0.022222222222222223
3 0.65078125 0.6398148148148148 0.011979166666666667 0.020370370370370372
3 0.6223958333333334 0.6416666666666667 0.0125 0.020370370370370372
3 0.5919270833333333 0.6393518518518518 0.013020833333333334 0.023148148148148147
3 0.5744791666666667 0.6416666666666667 0.0125 0.016666666666666666
3 0.5549479166666667 0.6407407407407407 0.013020833333333334 0.018518518518518517