2 0.31328125 0.7462962962962963 0.08697916666666666 0.03518518518518519
2 0.5515625 0.7282407407407407 0.071875 0.032407407407407406
2 0.6455729166666667 0.7444444444444445 0.10989583333333333 0.040740740740740744
2 0.8455729166666667 0.7013888888888888 0.025520833333333333 0.023148148148148147
2 0.8903645833333333 0.6962962962962963 0.05364583333333333 0.022222222222222223
2 0.9838541666666667 0.6888888888888889 0.03229166666666667 0.022222222222222223
3 0.17838541666666666 0.825925925925926 0.024479166666666666 0.037037037037037035
3 0.01953125 0.8134259259259259 0.015104166666666667 0.025
3 0.20364583333333333 0.8194444444444444 0.019791666666666666 0.024074074074074074
3 0.33880208333333334 0.8087962962962963 0.013020833333333334 0.025
3 0.35234375 0.8115740740740741 0.015104166666666667 0.01574074074074074