5 0.27369791666666665 0.8893518518518518 0.08072916666666667 0.08611111111111111
5 0.7822916666666667 0.8175925925925925 0.052083333333333336 0.10740740740740741
5 0.8309895833333333 0.7787037037037037 0.04635416666666667 0.10740740740740741
5 0.8958333333333334 0.8069444444444445 0.04479166666666667 0.09351851851851851
5 0.9713541666666666 0.937962962962963 0.057291666666666664 0.09259259259259259
7 0.21145833333333333 0.4824074074074074 0.0375 0.02962962962962963
7 0.153125 0.48009259259259257 0.034375 0.028703703703703703
7 0.18125 0.4810185185185185 0.026041666666666668 0.021296296296296296
7 0.26067708333333334 0.4861111111111111 0.033854166666666664 0.022222222222222223
7 0.309375 0.48564814814814816 0.030208333333333334 0.01574074074074074
7 0.3567708333333333 0.4875 0.034375 0.025
7 0.6802083333333333 0.5013888888888889 0.017708333333333333 0.01574074074074074