3 0.08854166666666667 0.7064814814814815 0.017708333333333333 0.02962962962962963
3 0.15104166666666666 0.7138888888888889 0.016666666666666666 0.020370370370370372
3 0.2375 0.7231481481481481 0.016666666666666666 0.014814814814814815
3 0.2716145833333333 0.7222222222222222 0.011979166666666667 0.022222222222222223
3 0.8239583333333333 0.8328703703703704 0.008333333333333333 0.01574074074074074
3 0.9138020833333333 0.8564814814814815 0.009895833333333333 0.022222222222222223
3 0.6768229166666667 0.8083333333333333 0.015104166666666667 0.016666666666666666
3 0.6151041666666667 0.7875 0.007291666666666667 0.017592592592592594
3 0.5703125 0.7782407407407408 0.0125 0.01574074074074074
3 0.5263020833333333 0.7620370370370371 0.009895833333333333 0.014814814814814815
3 0.4640625 0.7648148148148148 0.013541666666666667 0.018518518518518517
3 0.4354166666666667 0.7472222222222222 0.011458333333333333 0.018518518518518517
3 0.41119791666666666 0.7402777777777778 0.013020833333333334 0.013888888888888888
3 0.28177083333333336 0.7430555555555556 0.0125 0.017592592592592594