3 0.13932291666666666 0.725 0.0203125 0.022222222222222223
3 0.0140625 0.7291666666666666 0.013541666666666667 0.026851851851851852
3 0.20182291666666666 0.7231481481481481 0.022395833333333334 0.018518518518518517
3 0.32578125 0.7157407407407408 0.019270833333333334 0.027777777777777776
3 0.26484375 0.7185185185185186 0.021354166666666667 0.022222222222222223
3 0.38619791666666664 0.7129629629629629 0.0203125 0.025925925925925925
3 0.60546875 0.6972222222222222 0.019270833333333334 0.025925925925925925
3 0.5 0.7041666666666667 0.0125 0.023148148148148147
3 0.5536458333333333 0.700462962962963 0.00625 0.019444444444444445
3 0.4421875 0.7097222222222223 0.010416666666666666 0.01574074074074074
3 0.07864583333333333 0.7296296296296296 0.011458333333333333 0.018518518518518517
8 0.10130208333333333 0.6592592592592592 0.2015625 0.044444444444444446