2 0.4934895833333333 0.6523148148148148 0.11197916666666667 0.05092592592592592
2 0.7856770833333333 0.6481481481481481 0.05364583333333333 0.07222222222222222
2 0.771875 0.586574074074074 0.036458333333333336 0.03981481481481482
2 0.7401041666666667 0.5564814814814815 0.015625 0.03148148148148148
2 0.9270833333333334 0.5740740740740741 0.040625 0.05740740740740741
1 0.7809895833333333 0.5416666666666666 0.0546875 0.04259259259259259
2 0.5703125 0.5842592592592593 0.03958333333333333 0.037037037037037035
2 0.5395833333333333 0.5638888888888889 0.026041666666666668 0.027777777777777776
2 0.47291666666666665 0.6189814814814815 0.05520833333333333 0.04537037037037037
2 0.3776041666666667 0.5986111111111111 0.06666666666666667 0.03611111111111111
2 0.32890625 0.5685185185185185 0.0453125 0.03148148148148148
2 0.2875 0.5555555555555556 0.0375 0.024074074074074074
2 0.2598958333333333 0.5861111111111111 0.06666666666666667 0.03518518518518519
2 0.1890625 0.6 0.06041666666666667 0.024074074074074074
2 0.16015625 0.5828703703703704 0.050520833333333334 0.019444444444444445
2 0.12864583333333332 0.5722222222222222 0.057291666666666664 0.024074074074074074
2 0.02890625 0.5842592592592593 0.05677083333333333 0.05740740740740741
2 0.06354166666666666 0.5407407407407407 0.04479166666666667 0.03333333333333333
2 0.15651041666666668 0.5347222222222222 0.0671875 0.03981481481481482
2 0.11510416666666666 0.5513888888888889 0.042708333333333334 0.032407407407407406
4 0.82421875 0.6064814814814815 0.0234375 0.03888888888888889