2 0.08177083333333333 0.7439814814814815 0.027083333333333334 0.026851851851851852
2 0.1375 0.7384259259259259 0.030208333333333334 0.025
2 0.20286458333333332 0.7324074074074074 0.0359375 0.020370370370370372
2 0.22630208333333332 0.7527777777777778 0.050520833333333334 0.02962962962962963
2 0.2557291666666667 0.7421296296296296 0.03333333333333333 0.030555555555555555
2 0.35572916666666665 0.7305555555555555 0.029166666666666667 0.025925925925925925
2 0.40651041666666665 0.7175925925925926 0.0390625 0.02962962962962963
2 0.43776041666666665 0.7310185185185185 0.03697916666666667 0.023148148148148147
2 0.4671875 0.7138888888888889 0.027083333333333334 0.03148148148148148
2 0.5908854166666667 0.7129629629629629 0.033854166666666664 0.025925925925925925
2 0.6184895833333334 0.7060185185185185 0.03697916666666667 0.023148148148148147
2 0.6794270833333333 0.6981481481481482 0.0390625 0.027777777777777776
2 0.7807291666666667 0.687037037037037 0.03958333333333333 0.024074074074074074
2 0.8348958333333333 0.6708333333333333 0.036458333333333336 0.021296296296296296
2 0.8908854166666667 0.6694444444444444 0.0453125 0.024074074074074074
2 0.9479166666666666 0.6546296296296297 0.019791666666666666 0.020370370370370372
2 0.7270833333333333 0.6805555555555556 0.03333333333333333 0.024074074074074074
1 0.6057291666666667 0.6837962962962963 0.03125 0.032407407407407406