3 0.5997395833333333 0.9185185185185185 0.0234375 0.027777777777777776
3 0.34921875 0.9310185185185185 0.0109375 0.017592592592592594
3 0.3671875 0.9314814814814815 0.013541666666666667 0.022222222222222223
3 0.32838541666666665 0.899537037037037 0.022395833333333334 0.023148148148148147
3 0.3890625 0.8921296296296296 0.010416666666666666 0.023148148148148147
3 0.5328125 0.875 0.014583333333333334 0.02962962962962963
3 0.8122395833333333 0.9685185185185186 0.0234375 0.014814814814814815
3 0.9104166666666667 0.8763888888888889 0.016666666666666666 0.017592592592592594
3 0.7872395833333333 0.8967592592592593 0.013020833333333334 0.023148148148148147
2 0.11354166666666667 0.8180555555555555 0.04791666666666667 0.04537037037037037
2 0.5653645833333333 0.8111111111111111 0.1015625 0.05185185185185185
2 0.7791666666666667 0.8023148148148148 0.04895833333333333 0.025
2 0.8359375 0.7847222222222222 0.04895833333333333 0.03425925925925926
3 0.67109375 0.8430555555555556 0.0109375 0.01574074074074074
3 0.7497395833333333 0.8597222222222223 0.0078125 0.023148148148148147
3 0.7971354166666667 0.8555555555555555 0.013020833333333334 0.016666666666666666
3 0.9854166666666667 0.862037037037037 0.017708333333333333 0.018518518518518517