2 0.07135416666666666 0.8837962962962963 0.04791666666666667 0.023148148148148147
1 0.36692708333333335 0.875 0.03177083333333333 0.037037037037037035
1 0.4471354166666667 0.8726851851851852 0.0203125 0.032407407407407406
2 0.5473958333333333 0.8870370370370371 0.023958333333333335 0.018518518518518517
2 0.5716145833333334 0.8976851851851851 0.027604166666666666 0.017592592592592594
9 0.740625 0.7976851851851852 0.016666666666666666 0.17314814814814813
9 0.7776041666666667 0.7898148148148149 0.026041666666666668 0.18518518518518517
9 0.81484375 0.8027777777777778 0.022395833333333334 0.15555555555555556
9 0.8265625 0.8273148148148148 0.013541666666666667 0.10092592592592593
9 0.86875 0.8143518518518519 0.015625 0.11388888888888889
9 0.9026041666666667 0.8166666666666667 0.014583333333333334 0.10555555555555556
9 0.91484375 0.8203703703703704 0.015104166666666667 0.08333333333333333
4 0.9263020833333333 0.8722222222222222 0.14739583333333334 0.02962962962962963