3 0.6606770833333333 0.9555555555555556 0.022395833333333334 0.03888888888888889
3 0.45677083333333335 0.9569444444444445 0.022916666666666665 0.03981481481481482
3 0.3359375 0.9550925925925926 0.025 0.025
1 0.44557291666666665 0.812037037037037 0.1171875 0.09074074074074075
2 0.31536458333333334 0.8449074074074074 0.0328125 0.017592592592592594
2 0.026822916666666665 0.8675925925925926 0.03697916666666667 0.020370370370370372
3 0.896875 0.9787037037037037 0.021875 0.03148148148148148
3 0.40963541666666664 0.9412037037037037 0.019270833333333334 0.03611111111111111
3 0.21458333333333332 0.9486111111111111 0.017708333333333333 0.030555555555555555
3 0.1796875 0.9513888888888888 0.017708333333333333 0.030555555555555555
3 0.03359375 0.9560185185185185 0.018229166666666668 0.028703703703703703
3 0.015625 0.9560185185185185 0.0125 0.030555555555555555
3 0.08177083333333333 0.9476851851851852 0.015625 0.030555555555555555
3 0.27838541666666666 0.9412037037037037 0.019270833333333334 0.017592592592592594
3 0.4786458333333333 0.9550925925925926 0.01875 0.03425925925925926