5 0.69921875 0.8550925925925926 0.03697916666666667 0.07685185185185185
3 0.6651041666666667 0.8342592592592593 0.013541666666666667 0.018518518518518517
3 0.771875 0.8791666666666667 0.03958333333333333 0.04537037037037037
3 0.8377604166666667 0.8527777777777777 0.0171875 0.03518518518518519
3 0.7723958333333333 0.8199074074074074 0.0125 0.01574074074074074
3 0.6091145833333333 0.8092592592592592 0.013020833333333334 0.016666666666666666
3 0.59296875 0.8069444444444445 0.0140625 0.019444444444444445
3 0.5528645833333333 0.7888888888888889 0.011979166666666667 0.011111111111111112
3 0.5005208333333333 0.7712962962962963 0.008333333333333333 0.012962962962962963
3 0.10625 0.6759259259259259 0.008333333333333333 0.009259259259259259
3 0.13463541666666667 0.6819444444444445 0.005729166666666666 0.008333333333333333
3 0.16640625 0.6898148148148148 0.008854166666666666 0.007407407407407408
3 0.20338541666666668 0.7027777777777777 0.008854166666666666 0.009259259259259259
3 0.24401041666666667 0.712037037037037 0.005729166666666666 0.009259259259259259
3 0.28932291666666665 0.7236111111111111 0.0078125 0.012037037037037037
3 0.34401041666666665 0.737037037037037 0.0109375 0.009259259259259259
3 0.4239583333333333 0.7472222222222222 0.005208333333333333 0.009259259259259259
3 0.48151041666666666 0.7606481481481482 0.0046875 0.008333333333333333
3 0.45416666666666666 0.7527777777777778 0.00625 0.005555555555555556
3 0.36692708333333335 0.7291666666666666 0.015104166666666667 0.01574074074074074
3 0.71015625 0.8009259259259259 0.015104166666666667 0.022222222222222223
3 0.64296875 0.7824074074074074 0.0140625 0.014814814814814815
3 0.6979166666666666 0.774537037037037 0.007291666666666667 0.010185185185185186
3 0.9197916666666667 0.8268518518518518 0.011458333333333333 0.009259259259259259
3 0.8919270833333334 0.8064814814814815 0.0078125 0.011111111111111112
3 0.8598958333333333 0.8444444444444444 0.0125 0.014814814814814815
7 0.8528645833333334 0.8597222222222223 0.1703125 0.04722222222222222